20
2 3 4 5 6 7 8 9 10 11 12 13 14 15 16 17 18 19 20
1 3 4 5 6 7 8 9 10 11 12 13 14 15 16 17 18 19 20
1 2 4 5 6 7 8 9 10 11 12 13 14 15 16 17 18 19 20
1 3 2 5 6 7 8 9 10 11 12 13 14 15 16 17 18 19 20
2 1 3 4 6 7 8 9 10 11 12 13 14 15 16 17 18 19 20
1 2 3 5 4 7 8 9 10 11 12 13 14 15 16 17 18 19 20
1 2 4 3 6 5 8 9 10 11 12 13 14 15 16 17 18 19 20
1 2 4 5 3 6 7 9 10 11 12 13 14 15 16 17 18 19 20
1 2 4 5 6 3 7 8 10 11 12 13 14 15 16 17 18 19 20
2 3 1 4 5 7 8 9 6 11 12 13 14 15 16 17 18 19 20
2 1 4 3 6 5 7 9 8 10 12 13 14 15 16 17 18 19 20
1 3 4 5 2 7 8 9 6 10 11 13 14 15 16 17 18 19 20
1 2 3 4 6 7 8 5 10 9 11 12 14 15 16 17 18 19 20
1 2 4 5 3 6 7 9 10 11 12 8 13 15 16 17 18 19 20
1 3 4 2 5 6 7 8 9 11 10 12 13 14 16 17 18 19 20
2 1 3 4 6 5 7 9 8 11 12 13 14 10 15 17 18 19 20
2 1 3 5 4 7 6 8 9 11 10 12 14 13 15 16 18 19 20
1 3 2 5 4 7 8 6 9 11 10 12 13 15 16 14 17 19 20
1 3 2 4 5 6 8 7 10 9 11 13 14 12 16 17 15 18 20
1 3 4 5 2 7 8 6 10 11 12 9 14 13 15 17 18 19 16
