13
86 21 35 51 16 61 40 88 91 73 15 57
71 65 71 84 37 97 32 46 81 89 1 98 51
33 45 81 25 29 98 70 61 46 95 85 57 80
41 5 49 41 99 8 67 27 69 95 89 21 17
25 9 33 81 79 31 65 21 69 86 18 89 35
1 4 98 73 25 61 11 46 1 43 47 21 81
57 53 76 41 97 65 19 77 51 90 73 61 12
13 99 85 31 90 89 41 43 77 1 67 59 93
29 53 26 1 45 51 29 61 3 31 59 69 49
75 13 61 88 62 91 46 35 78 15 17 39 43
70 53 21 54 1 94 20 78 13 73 44 57 49
63 61 9 21 73 95 1 71 84 96 82 16 25
91 81 63 76 35 51 41 40 11 33 23 65 24
94 