25
21 89 23 8 11 15 44 51 77 57 5 45 81 76 2 13 61 63 80 88 31 29 55 85
54 50 19 94 56 16 92 26 79 45 95 77 43 85 69 41 14 9 31 47 70 10 97 93 11
1 21 91 16 56 54 77 74 86 15 23 7 81 87 48 97 45 43 9 67 13 11 69 33 38
95 56 85 24 81 1 61 17 59 26 63 52 91 95 73 71 15 42 10 32 34 83 21 41 53
49 69 73 7 75 49 89 83 20 31 33 71 6 26 57 51 85 53 81 9 62 1 35 96 30
76 41 21 25 81 91 88 71 99 86 64 73 49 93 40 37 51 44 33 14 19 13 1 45 11
28 37 90 52 71 1 59 69 57 81 99 36 27 49 33 85 10 65 17 41 19 60 73 45 26
40 76 21 45 89 96 1 91 43 3 12 5 53 73 26 67 38 81 37 83 25 86 41 16 31
66 82 31 21 37 91 83 77 5 51 10 23 61 89 57 49 25 8 6 65 47 73 98 16 33
75 61 48 29 89 87 37 60 58 96 1 81 35 26 86 15 51 71 91 85 43 18 69 36 41
65 37 1 57 3 6 61 63 71 10 73 94 49 44 21 14 18 65 41 91 53 31 26 92 76
8 69 25 1 35 21 19 8 14 17 31 40 60 43 91 23 81 45 24 73 7 44 79 49 33
28 81 89 63 12 37 93 17 15 67 57 53 61 41 97 75 11 84 9 74 88 49 71 98 29
38 17 43 69 1 49 86 89 94 34 38 8 45 81 19 4 41 75 31 61 23 30 33 98 65
97 29 31 51 79 57 35 76 61 13 89 26 20 1 77 27 54 81 17 21 9 68 85 47 4
96 1 6 76 94 61 54 43 56 29 97 41 100 51 74 5 21 25 37 71 63 53 91 67 80
9 13 11 33 73 71 1 14 89 21 32 66 6 5 88 24 67 3 91 80 69 31 9 61 4
10 69 85 1 51 23 55 81 52 68 92 25 83 41 72 76 13 6 97 53 56 28 87 15 29
50 65 36 31 57 26 4 76 97 93 69 62 20 95 71 84 60 51 13 86 5 74 70 43 17
99 61 41 31 11 71 81 21 89 59 96 75 33 83 38 93 16 9 49 91 37 57 69 51 99
44 55 16 93 1 69 37 26 81 49 15 36 9 88 84 47 29 77 73 67 32 27 85 71 65
31 1 31 41 35 26 40 81 13 29 85 5 57 91 79 53 65 66 19 59 86 39 45 75 94
33 61 27 45 91 51 19 59 41 57 72 33 15 81 95 77 89 11 13 65 50 93 78 37 1
35 81 19 27 11 85 86 97 78 33 83 21 26 49 61 91 65 7 89 39 15 71 57 79 98
36 71 73 21 91 1 85 100 92 5 61 16 41 47 45 51 7 97 70 81 33 93 42 69 23
31 