29
5
895871 1079441 2440917 588453 2384368
9
1055703 2041697 3242221 961889 831771 3785121 4497901 12679866 9316033
8
651937 4513063 5018965 3247552 6890623 378685 6811652 21222409
6
151865 1985545 5752663 3079494 16389921 23664046
4
2353852 5283261 4338621 5490639
9
308221 9366529 9599361 20980683 17726749 12564211 40053369 29825758 13838837
34
2773937 11376033 159001 21942089 10970581 15876560 44470857 24178162 22390969 46143664 1845295 34835151 77090105 59590061 65078297 26448128 92368667 8681205 111521233 46219976 23662093 31442269 18617690 91017631 104700001 26166435 170876917 69877276 80852362 146641741 208958721 175120945 127414837 42787221
15
7825877 175281 7280557 2226991 10420245 4330874 5264337 20250217 33179779 47103751 37343351 21941181 45128991 11635796 38250301
21
8704887 17310439 21200671 7263123 42383551 53086277 21871018 71075424 22901755 21889081 85471811 89772125 24574209 2185345 120293911 16838029 82900897 98899228 106765905 28766161 151467573
32
3424653 7502321 3260439 5296820 24811891 11145668 38024923 67482501 16338145 52955149 24354557 76306309 14588965 42409569 23916301 148988570 59754025 40587715 166202683 16003544 110157097 116089758 191408229 7834511 223673785 255668221 68628637 63428953 19912625 159457435 15831801 266574256
3
7004305 4642001 16144001
30
5682435 1217073 21334339 32909320 6955831 9950924 25715890 22704100 43023291 26095534 2530117 46499257 75069262 117534241 45386395 72451491 69789733 48234355 138310407 8329201 8203861 36016723 31674424 146343616 172107607 49802150 234959249 15423481 33636289 42879181
47
8933993 3492191 14623181 18149209 3415411 15752737 69759638 89848609 49001179 6334419 21196363 6285757 125504557 24034661 82210561 31146352 210943481 70830389 173219689 629113 29221477 52933598 222736001 50231587 173822521 90605601 37670546 12806821 48589793 13971673 85480609 50927411 172179045 295001482 270040606 76790225 424244827 200163601 288207171 350996033 106235533 414777553 2010529 4297501 25543567 160256073 183032336
23
941945 6833657 9293752 1085694 68492977 67362208 55660853 2893836 1932521 19714552 118632151 44811857 8358766 49410109 196036093 94489308 150301467 24246017 11462877 44149436 145793747 106199264 96419319
28
10126975 5739604 16922089 48977401 2167730 5049217 96952321 45440487 2106087 24049873 114169101 100491081 134056977 117987349 43052598 42058469 36401081 155869721 120170128 107827201 185852107 257059444 116640201 111234233 170188777 78848769 262682401 31954315
26
11453833 16366165 17980817 770373 28533982 51453736 33289585 30601021 82506401 54618301 70915327 47304793 50558769 175983501 152702653 130629214 110511622 49806181 55540723 229372008 1397717 13235705 131592213 234853236 7508480 33241489
23
628049 18295201 38610913 28262105 52429741 43058449 61663281 36691556 81828853 26917225 7197917 170293141 5821057 13398905 71052073 166197409 228654149 61831041 1472417 147439111 62748820 101266783 370631045
44
9656805 6147051 44647281 9889050 2701531 10412533 11507489 120869341 90300122 37953220 113077601 179713819 69408802 204428609 143593326 70404525 78046537 173362015 194349495 8151811 38729261 121187092 308877453 96693439 56710927 16024939 14218564 501357971 164643751 8626921 154203031 348573057 572239625 145606826 142035157 163670185 113233513 287601413 450041158 98920684 81063021 286945569 15017579 176087556
26
6673584 21103265 18052297 12241558 86031376 93986146 63919101 1881196 55105741 20618156 55945729 30028837 188031917 127987001 19150396 28555177 201019556 224802578 154323201 68495219 177689294 196809601 48951781 351631529 136301461 92425703
6
16644501 2850231 44574157 1403569 76018901 34389899
26
10913953 11823601 299805 54060101 16585771 76640761 91737678 68366817 32757913 38291137 70869741 190647001 131652148 39078639 92633971 17823821 70524406 60990472 132129353 373641841 345515379 242685051 211448378 60739564 266131617 246487321
50
6292161 23147483 25564771 9856841 52984923 11138163 148149541 83460565 8036121 155891965 113817299 36927713 196911001 256247777 2881153 308656495 275950801 90801921 246204771 414561247 35092021 57280175 374763431 120379353 49067866 324795177 220222399 144055609 257365901 3096077 112689221 223270521 1952659 78938231 30709745 267002080 81985465 85135783 328805445 84786634 371792092 227717281 77508861 73626601 36458353 200282266 161307181 28471027 112885955 141904972
30
10663111 6929480 37901755 77782833 34752503 150415 26215505 23425777 191262751 69756193 116871012 208196829 218953126 157959400 148096237 232422009 45241799 4926835 81500431 20288407 78209251 298683221 159213861 108829217 99618817 68579443 45121287 231245081 381572941 329197908
12
9395671 11084644 16293201 27672119 27227731 178903 71311076 63633361 154990803 56974201 149090957 172684947
20
12263784 23005261 3579587 88519441 44883146 76072753 30283957 170443959 31136105 221142377 144566401 210246281 241560173 114232321 37184239 92637253 176484751 359151045 2700549 154146700
42
1754301 11781602 17774515 61389135 7665541 81163947 59230347 34773751 153898321 112325033 52304526 26741562 32912001 16201919 11768998 14186438 4208171 360188455 153516524 178459163 37901401 45091096 202794710 294939373 83807386 165528141 467617026 101125276 144111797 329681005 443709501 798796 217536411 283422998 735015127 173265760 617797333 831184363 317750071 348162379 147237154 246977963
3
3643301 45359857 9669781
13
3081175 18827649 38733801 30987588 134509825 80891081 42957109 219706247 225817019 15357193 109649215 245865568 231726529
25
28683905 55517714 79094053 24571705 127045201 173393777 7441888 194107973 176322901 167692311 313677109 341253761 137947236 267338961 105673885 14392165 82693045 501408241 347771626 136211429 398088406 27639193 205137805 93565537 1413457
