7
21
412166 1961812 548423 674561 866429 2581169 1688550 5254207 7836841 8382656 269921 8994725 9776881 13084467 3620681 6114502 3680191 3311109 17627346 11065622 1734891
48
1119158 1456253 280705 4130701 2294669 1075608 13730739 12344377 1621080 3834935 14141229 7877608 11462627 7722167 27336201 5271637 28008337 24992617 7152758 29341241 9331205 27522637 25469541 32228559 26707953 15983341 18007853 34923673 6762205 43783369 43678474 11791781 44026573 26399649 31164465 50978675 6360697 23674193 71319761 47054549 14272585 68743198 78471733 3822252 75666955 17547836 32298721 53029066
48
519857 1317433 7025025 756366 1365487 11652682 129107 32947 18977606 21418798 25382335 10862641 37315801 20785717 11831612 17691925 19379023 30612051 32088772 14341726 37782989 30437281 43142723 60651221 21820777 43230133 53773213 56235619 54895181 56533433 30234175 30878909 30942855 12052988 75976785 6352057 16331926 19135767 2848051 17709187 19368763 67871560 35919916 85388431 80297527 82434610 50859649 86577327
26
946693 7605205 7164473 5347551 9067451 239086 9310237 8454913 20028127 18755681 4862093 31901896 23709698 20445440 1230873 55014849 56445641 12306925 47178777 70957505 60288448 62995165 4889693 18091701 26583053 35397413
10
1571061 5863524 6241894 14888293 10798611 10793284 29319349 30143577 29829051 20719460
22
1668013 790225 16181101 21224041 2838766 35442766 26470897 14393441 13707361 32431021 2704649 29304231 22148403 19646401 81535777 82742341 8684869 41937557 31594614 113825889 70402653 107269443
37
5537437 11097671 17475556 21366451 845985 34049145 40827101 7756176 26909823 63013 55861906 32097703 11409891 51482831 95311012 58852460 83482271 82171857 12444673 113807249 1615771 6745601 87743361 68895361 76439424 171186563 55731979 68919346 117756017 191399441 31465665 101965106 134514841 116690244 139001013 3204657 243827842
