33
5 70 48 77 17 4 75 27 37 87 79 90 20 47 10 81 33 9 21 83 13 11 61 93 53 3 31 26 23 85 35 89
91 97 33 1 67 81 66 45 84 51 57 61 17 88 13 99 37 65 73 5 77 59 6 52 24 7 89 96 21 85 10 16 19
36 57 93 61 90 76 45 15 33 35 69 79 1 68 95 85 53 26 49 96 43 75 21 86 25 87 63 36 58 5 70 66 2
41 37 65 91 25 93 13 69 36 59 17 61 76 85 55 73 63 41 35 29 97 51 89 75 84 3 21 26 1 62 86 44 5
77 67 21 66 11 68 13 42 41 30 2 59 38 61 69 71 89 99 57 53 26 85 51 76 91 55 79 15 81 25 29 37 83
12 46 91 14 43 59 85 69 93 15 63 11 68 17 37 81 53 61 100 89 35 77 75 51 73 57 76 67 4 13 44 83 87
1 29 81 83 1 33 10 77 67 34 87 74 41 31 97 69 55 57 59 82 95 49 65 5 25 68 9 13 53 76 21 62 42
26 7 21 25 51 41 26 17 65 1 6 68 96 36 67 3 31 37 43 5 47 13 75 15 91 77 59 55 57 39 48 93 11
97 31 1 12 33 73 46 58 41 57 97 93 89 5 22 56 60 48 45 25 37 61 87 69 81 11 13 53 39 85 47 51 65
86 91 81 59 61 1 65 17 77 11 33 93 36 25 67 29 68 98 5 97 71 31 53 37 34 87 46 47 50 51 41 44 66
15 7 61 45 9 74 4 57 37 89 55 20 3 5 31 67 51 73 85 41 100 69 21 71 77 81 79 1 72 25 92 23 27
13 29 63 70 51 1 3 33 13 77 52 25 17 41 21 87 71 8 99 69 76 85 81 96 89 67 19 82 47 61 86 9 48
57 76 27 25 10 67 37 29 54 61 89 71 34 65 33 97 92 77 84 28 45 63 69 51 1 86 32 19 87 9 21 66 82
74 3 45 46 26 73 23 11 27 41 47 1 40 5 31 81 59 61 53 33 21 29 37 85 99 18 71 100 95 9 49 77 51
80 77 26 85 25 46 56 43 99 45 41 20 1 38 97 11 37 51 21 78 59 34 63 98 39 92 69 71 6 33 53 61 81
68 81 75 24 53 63 22 61 14 93 66 82 100 19 1 45 9 56 3 21 41 89 57 7 49 29 35 47 25 77 26 27 23
97 94 57 97 43 51 20 61 9 4 65 3 5 35 27 1 29 21 41 52 93 14 16 85 89 45 46 32 40 13 25 99 71
96 61 64 21 57 35 49 41 15 13 81 63 19 86 69 85 23 91 25 1 55 93 17 51 68 97 6 95 37 45 77 8 52
92 84 81 76 57 11 41 13 87 67 34 80 9 91 97 29 88 61 16 23 98 21 26 85 93 71 35 1 99 31 45 73 59
44 40 81 5 24 33 86 66 51 61 56 98 21 46 45 53 3 11 29 1 59 85 47 87 35 26 57 27 39 36 64 99 63
93 55 31 98 41 9 81 93 26 15 1 33 63 92 44 12 11 76 67 35 10 16 57 45 5 91 56 40 50 78 61 77 24
89 69 3 35 49 89 12 17 80 83 57 73 41 39 6 11 37 45 31 54 98 66 9 24 1 56 36 76 61 40 79 13 81
75 1 26 37 73 16 13 67 19 93 96 56 31 61 52 46 25 18 22 5 36 51 76 89 6 8 43 11 91 85 87 71 32
79 81 1 47 97 33 96 91 78 50 62 31 61 41 9 57 37 6 19 25 35 34 49 74 39 32 69 15 59 58 93 85 45
73 10 3 96 29 21 81 77 59 48 97 41 27 30 89 65 26 35 93 49 1 76 71 61 85 31 6 5 87 55 32 39 17
8 27 20 81 5 77 39 21 57 8 84 45 65 37 91 53 94 25 4 99 7 55 96 71 6 93 3 70 59 41 29 49 13
88 63 49 11 62 57 13 21 53 6 67 93 23 71 95 74 45 81 9 42 1 51 43 92 79 59 69 65 96 54 24 18 41
61 89 31 41 86 91 8 49 99 5 33 93 97 66 85 61 19 70 21 71 37 26 53 76 6 65 90 87 46 94 59 35 51
62 89 81 9 74 17 41 67 2 65 38 25 71 12 1 14 11 51 43 66 90 93 95 15 87 57 61 21 85 45 96 18 4
92 49 100 29 93 26 1 45 5 13 37 53 88 24 86 2 65 36 81 25 89 60 6 51 99 56 7 27 21 33 85 9 75
31 7 67 49 17 74 53 51 29 52 34 73 72 57 76 81 61 1 16 26 45 59 20 60 23 66 85 56 47 94 13 89 11
79 12 86 33 83 63 87 81 51 85 1 74 41 25 65 84 11 90 77 43 37 55 17 40 21 42 49 72 58 75 5 97 61
3 51 93 29 74 1 57 86 67 99 49 20 60 56 80 89 41 21 81 73 27 31 61 59 13 19 40 87 6 37 62 91 77
11 