73
93 54 97 5 21 46 26 81 41 34 23 71 83 90 45 61 22 39 27 47 43 11 9 85 49 79 36 50 65 57 95 77 33 66 100 4 35 76 51 29 86 7 16 24 42 74 72 37 73 78 91 17 59 52 89 25 13 96 99 44 53 31 6 20 62 67 98 64 68 75 48 87
3 95 5 33 78 11 73 13 27 41 86 79 57 97 63 26 47 55 49 39 62 76 51 89 36 65 32 35 18 46 96 99 91 1 69 21 87 64 81 71 10 75 17 100 16 45 85 25 60 8 9 14 19 61 84 22 66 28 77 56 6 88 23 93 83 15 29 3 59 90 37 31 72
53 55 61 89 26 71 29 11 41 66 58 17 44 31 65 34 94 69 5 91 1 57 98 45 51 21 60 7 25 81 87 92 9 32 15 53 42 77 22 47 93 90 18 28 33 88 48 35 97 16 96 27 83 19 4 99 67 76 74 10 63 37 95 43 50 6 59 46 49 73 85 64 56
72 73 89 53 81 95 1 25 49 86 85 17 93 71 13 69 29 61 18 97 41 15 21 27 76 23 7 28 51 20 87 84 48 56 32 3 63 38 94 39 16 77 37 79 33 58 75 26 59 8 14 83 100 40 43 65 90 2 74 47 9 35 31 57 5 67 91 34 72 78 22 30 55
50 97 73 65 9 36 79 33 19 61 66 11 56 49 21 68 81 100 47 93 37 41 43 51 98 88 69 1 40 16 77 85 24 57 13 54 55 87 28 48 4 31 25 45 59 35 23 46 95 7 60 67 42 91 58 76 12 80 17 74 29 83 53 26 18 72 30 75 20 71 44 52 89
34 91 33 37 99 1 8 64 2 89 51 18 43 13 36 61 11 77 50 23 47 41 3 17 46 40 76 20 55 69 52 66 53 81 49 31 65 84 73 97 35 68 85 71 48 26 9 83 27 59 21 16 25 45 86 57 29 62 56 30 80 5 67 95 75 15 54 39 12 96 19 14 44
87 79 1 13 33 90 43 48 19 93 80 74 50 53 89 81 97 67 36 63 17 72 26 61 11 76 77 40 49 25 12 51 84 21 38 47 31 6 96 20 70 15 24 86 35 82 85 41 39 42 71 75 83 91 22 27 62 5 58 45 57 69 37 28 99 56 54 65 95 92 46 9 29
78 86 85 51 73 43 45 95 57 91 68 89 71 28 94 78 67 83 93 21 1 31 69 29 11 76 81 61 16 59 26 9 13 41 22 77 49 53 52 64 56 36 55 3 46 99 4 39 6 97 100 98 17 33 47 25 15 79 20 18 37 70 92 40 54 23 58 80 12 62 44 7 75
19 62 65 1 23 11 47 29 36 97 95 61 53 41 82 33 73 4 91 5 80 71 25 7 8 59 57 44 69 37 93 86 27 78 92 48 87 21 13 76 55 56 19 42 45 51 17 85 16 94 70 46 20 58 79 2 67 77 100 81 34 15 26 14 63 3 6 31 54 49 88 89 40
83 79 70 36 31 61 41 8 37 86 9 25 2 20 48 13 39 43 11 45 53 30 81 33 96 18 58 1 17 77 65 3 5 100 34 29 6 35 91 75 63 21 76 82 50 23 93 51 55 69 26 44 12 71 84 85 46 28 97 64 19 89 4 49 7 62 14 73 38 40 72 94 27
67 72 31 41 69 96 15 66 89 17 67 91 55 53 37 26 35 63 80 87 1 64 54 51 73 61 47 21 77 5 7 9 13 38 59 81 58 42 10 70 45 90 52 23 34 97 27 46 85 95 71 75 79 36 33 83 56 6 82 16 98 19 93 78 86 43 3 92 24 40 49 25 18
74 21 29 31 5 19 39 65 96 28 61 69 49 93 13 11 35 1 76 22 98 45 81 23 14 33 71 62 95 72 43 25 2 56 51 99 41 38 59 6 87 89 40 26 100 9 74 78 44 16 77 91 97 57 4 73 34 54 80 75 20 85 79 46 86 30 48 68 47 42 90 37 17
7 85 54 1 77 50 57 61 53 5 9 45 79 66 26 49 25 46 21 43 42 6 17 31 69 37 96 28 67 18 11 75 29 33 83 72 41 64 71 7 65 100 22 81 56 27 89 24 16 73 39 47 93 48 59 12 97 91 19 78 35 63 32 87 51 95 80 3 23 8 70 98 99
4 49 92 90 61 97 93 29 65 83 41 16 79 13 5 48 1 36 39 9 89 31 71 15 50 37 81 51 77 85 87 78 88 53 27 21 19 25 45 24 98 26 59 69 10 99 82 46 75 55 30 22 86 57 17 33 66 3 58 47 4 43 28 11 76 91 72 67 73 42 54 60 18
95 25 72 49 9 79 51 54 81 23 62 77 56 1 75 46 73 71 7 5 16 24 45 93 29 65 21 11 34 41 61 6 37 92 70 52 74 94 18 53 85 76 88 82 98 33 59 55 13 89 3 17 35 87 57 64 84 50 36 91 86 99 8 31 48 69 2 66 96 100 83 19 47
97 17 85 79 1 22 37 78 29 45 31 10 53 70 5 59 27 84 25 63 13 51 71 76 7 96 33 77 89 97 91 26 39 44 11 87 47 35 61 48 41 43 86 74 19 67 95 100 75 23 81 69 49 80 93 6 62 34 21 58 99 57 90 66 64 12 14 65 55 15 24 32 20
56 42 51 29 87 55 53 71 47 61 35 77 73 95 78 3 83 13 99 93 1 5 63 21 81 37 23 98 7 65 19 57 16 94 25 34 68 33 96 36 39 49 9 86 56 44 45 80 91 46 85 27 2 90 41 89 75 22 76 59 52 31 15 11 97 26 92 66 32 60 69 67 38
20 73 26 51 61 39 33 41 93 95 65 43 88 21 69 11 19 83 66 59 89 96 71 78 1 91 76 97 35 17 29 99 42 44 77 36 45 58 63 53 46 5 13 49 50 6 68 47 16 57 87 55 56 9 37 48 80 3 81 15 98 74 67 25 24 72 75 27 79 82 100 86 23
84 56 22 73 72 13 20 37 1 68 3 17 100 7 89 93 90 35 71 46 49 59 18 41 11 27 85 81 76 21 61 99 47 36 33 8 95 25 40 98 91 62 34 29 44 74 88 31 65 97 15 50 9 63 5 48 77 51 26 86 57 6 70 75 96 79 24 14 67 54 80 28 4
64 35 49 31 41 47 13 12 51 54 45 87 14 17 66 76 81 46 11 98 77 6 1 69 60 56 8 61 33 23 5 9 75 67 74 59 21 63 37 22 15 53 43 89 83 85 24 4 19 55 25 30 91 39 99 86 40 29 93 58 50 97 90 82 92 57 2 16 71 26 38 32 48
94 69 89 45 73 49 76 61 63 33 1 93 53 17 37 44 83 82 25 5 81 3 51 7 16 62 42 100 11 88 98 9 75 77 46 72 97 79 6 41 67 78 20 94 15 35 39 65 84 66 8 86 99 22 28 85 60 29 10 36 31 48 90 87 14 95 2 57 4 71 26 56 43
19 89 53 51 83 57 97 71 91 66 21 1 11 68 100 47 25 31 12 96 16 81 9 54 77 98 37 6 13 41 23 43 35 26 5 85 49 92 88 34 48 65 45 15 42 73 7 75 76 74 27 61 46 93 95 86 29 50 82 30 62 69 17 60 36 99 33 79 56 72 63 18 84
55 59 66 63 88 81 47 69 43 57 95 35 31 11 1 10 41 86 51 36 29 25 90 77 61 24 93 53 6 21 74 20 9 37 56 7 33 32 85 75 28 15 73 84 99 19 13 65 46 5 67 34 87 39 78 92 4 49 45 79 60 89 94 3 58 80 71 76 70 97 26 72 17
91 54 90 52 93 67 35 12 99 19 13 81 41 70 1 9 10 33 39 20 2 61 87 71 11 74 5 47 65 77 86 45 53 17 96 21 40 36 68 91 16 69 85 25 97 37 88 83 28 66 29 73 31 59 51 32 95 26 43 60 79 23 56 76 57 94 63 75 27 89 58 38 64
3 57 78 84 83 1 5 61 11 44 22 91 81 85 41 97 56 9 17 95 77 30 93 73 19 53 3 2 63 7 76 59 16 79 51 35 13 33 23 75 31 52 70 15 34 90 6 4 65 12 39 49 82 60 36 66 71 62 99 21 54 45 37 29 69 47 38 55 89 98 43 58 46
50 96 91 41 19 64 9 25 1 61 89 43 42 90 13 51 81 37 73 34 77 31 71 85 97 11 39 53 17 35 47 28 3 49 80 69 50 46 40 98 66 75 56 83 57 72 21 16 82 48 65 63 24 67 4 29 14 60 7 95 86 38 94 6 55 79 62 45 84 2 36 22 20
27 61 31 47 90 35 62 21 5 51 89 91 20 67 41 71 3 99 9 48 14 34 69 93 85 49 38 1 92 43 64 11 15 39 45 17 28 54 75 81 65 7 59 13 95 33 77 19 100 88 57 55 76 26 66 86 87 79 53 37 78 96 6 16 70 73 24 98 29 80 83 97 18
30 33 45 29 69 57 74 35 37 47 72 61 21 11 9 89 41 51 5 93 3 71 14 85 94 23 31 10 19 73 79 49 52 26 7 54 65 43 81 25 56 100 1 48 40 95 86 15 53 27 22 83 92 58 88 18 66 32 90 97 46 91 2 17 62 63 8 55 44 50 84 76 6
13 9 7 75 81 85 76 54 63 91 15 24 37 46 53 41 99 88 17 51 89 25 1 32 47 61 31 21 5 95 35 52 43 50 55 33 13 96 73 36 62 49 39 6 93 16 77 66 64 12 40 57 59 90 23 26 56 74 83 69 11 20 2 94 97 98 86 87 28 70 68 30 60
45 79 89 29 35 37 69 33 41 17 61 72 1 45 46 97 70 76 5 74 66 25 91 85 21 55 81 2 6 71 3 11 47 39 53 57 95 87 31 56 28 51 59 12 13 19 7 26 77 83 86 68 44 63 60 49 50 9 73 65 54 16 88 80 8 75 38 34 27 52 23 40 24
43 99 66 16 45 82 53 91 86 100 1 46 81 88 65 71 23 5 89 47 93 49 72 15 51 44 64 17 36 22 80 27 41 33 76 11 7 35 78 73 9 19 55 28 26 25 61 85 21 18 94 83 29 13 37 30 74 67 95 3 96 69 77 87 79 6 97 24 34 68 42 14 4
70 41 27 65 49 88 86 60 91 56 48 19 37 1 61 93 95 59 21 81 16 76 51 35 29 77 20 99 9 15 63 57 23 11 39 33 94 13 72 55 90 53 25 45 31 66 58 70 85 38 36 14 96 4 5 89 71 22 100 43 6 47 83 26 3 64 50 28 12 87 52 79 67
69 73 59 81 17 79 89 71 67 37 32 22 95 21 93 87 30 57 35 11 26 31 96 5 51 77 6 41 16 85 91 25 52 97 1 15 58 14 83 13 88 61 80 53 69 49 86 63 45 56 47 66 3 27 100 29 76 24 43 34 9 92 98 4 65 50 8 70 36 62 82 84 94
19 3 39 45 49 35 85 23 87 75 11 51 55 41 26 84 77 5 93 21 86 1 2 43 7 81 12 76 82 52 61 97 19 89 54 17 38 29 83 91 78 33 25 65 73 74 13 63 69 15 100 16 57 59 70 68 67 80 10 37 4 58 99 27 8 44 31 71 53 96 98 36 14
9 97 61 71 8 89 17 1 67 54 37 53 25 26 99 46 31 81 49 75 69 51 58 39 13 24 6 83 23 85 76 100 32 52 70 21 93 12 48 41 91 84 66 57 5 95 11 19 45 9 2 43 72 40 79 27 96 65 82 59 3 78 56 29 73 77 10 34 38 4 28 87 22
90 71 57 21 80 89 5 43 11 95 18 63 84 61 1 15 41 19 25 23 69 49 96 68 33 3 4 40 75 81 45 65 13 9 34 16 55 86 51 93 77 79 59 31 91 26 67 29 7 17 94 83 30 37 46 82 87 70 6 58 97 52 92 24 85 60 32 73 47 64 99 53 27
66 13 59 65 61 67 76 5 97 22 71 93 15 19 29 91 1 21 9 51 90 69 99 50 66 81 27 73 16 100 96 6 41 89 74 11 39 85 25 94 55 77 33 78 43 17 26 54 3 56 46 14 57 18 40 49 84 36 31 44 62 53 7 45 80 35 48 2 98 20 83 42 30
79 44 8 1 83 85 13 67 11 33 81 41 32 20 21 89 98 71 93 26 61 36 52 58 16 77 76 6 91 45 75 46 55 97 54 40 17 87 63 88 92 31 49 5 99 9 34 18 25 53 29 14 51 35 50 56 4 23 94 65 69 28 19 82 47 7 48 80 22 57 42 66 62
3 76 33 85 65 5 8 1 12 49 37 45 51 20 97 93 61 47 41 73 7 70 18 91 79 23 77 67 32 16 69 6 11 54 96 57 3 81 89 68 63 19 99 21 92 50 71 55 100 58 24 36 56 35 80 74 30 29 72 13 34 17 43 64 10 83 98 42 25 31 82 14 88
86 75 86 34 15 27 76 53 46 100 69 10 35 30 95 1 5 81 17 23 9 37 52 49 14 85 29 51 97 45 13 48 33 61 63 99 77 73 3 57 94 21 89 31 41 4 19 25 70 79 80 60 2 91 87 24 93 11 65 55 26 82 59 74 36 72 28 16 83 67 7 43 96
90 16 65 45 1 92 57 58 21 55 6 48 86 36 87 18 71 17 68 69 3 76 5 7 11 33 84 51 26 39 85 13 46 2 53 96 81 90 95 28 24 30 37 93 43 54 100 14 29 61 66 8 78 82 97 80 42 38 9 89 59 50 91 52 31 73 10 23 62 72 4 35 75
83 33 25 93 21 61 45 59 47 76 3 51 71 1 94 97 78 100 41 26 81 44 9 83 31 85 91 99 65 69 75 32 38 11 70 96 86 29 49 23 89 79 68 30 5 63 57 34 73 58 27 19 17 6 55 22 62 13 46 80 95 77 74 40 7 54 48 36 53 98 43 15 88
4 18 9 71 41 84 91 11 29 52 57 36 44 49 1 27 61 65 68 67 63 99 56 82 87 89 21 7 86 53 20 22 100 69 75 76 51 79 98 93 77 62 16 92 6 23 97 5 54 88 55 47 39 45 37 48 85 81 73 64 35 66 15 95 31 46 50 33 13 34 83 19 38
26 1 88 76 13 61 65 42 30 25 91 85 21 41 26 75 10 80 19 97 63 31 50 51 86 66 71 33 6 96 43 12 37 69 87 49 89 16 34 83 57 56 81 68 93 29 9 17 95 11 23 45 58 64 53 59 78 73 2 18 72 55 39 79 24 5 47 52 27 67 35 99 36
3 86 60 69 29 55 8 3 21 1 91 35 49 41 68 97 11 15 43 22 52 71 51 20 19 65 53 81 100 58 24 59 93 57 63 17 77 75 85 72 9 5 26 99 23 25 84 48 27 39 61 37 13 16 78 62 50 36 95 47 14 88 74 7 28 96 73 90 83 6 56 89 98
31 92 57 66 37 63 41 60 96 21 23 71 56 5 29 87 51 55 33 35 38 11 65 85 97 93 61 45 99 49 84 75 89 40 13 78 25 17 69 68 2 59 31 1 8 16 76 47 81 53 22 39 100 91 14 34 72 19 95 27 28 94 62 86 24 83 77 10 74 52 26 20 43
9 29 21 91 53 55 11 73 76 66 1 26 63 81 37 48 71 41 49 83 85 59 5 25 4 27 69 78 40 100 2 99 39 94 89 9 31 93 67 16 46 51 35 28 57 17 97 12 79 36 87 96 86 30 15 52 65 72 45 13 8 70 33 34 61 60 43 24 95 6 20 14 3
56 90 92 69 29 55 73 65 87 61 83 93 62 97 13 11 85 39 84 76 27 50 52 81 6 75 1 63 57 8 53 23 43 21 89 17 67 96 79 64 2 74 49 7 33 5 31 19 25 77 28 16 12 45 40 51 41 3 4 26 30 58 95 71 37 91 88 38 42 59 99 36 98
9 91 71 94 73 57 75 16 85 51 47 1 61 97 81 23 78 89 9 88 99 33 53 62 17 24 41 31 11 36 5 29 80 21 82 27 25 67 96 44 69 34 45 7 93 30 87 52 55 77 13 76 10 60 72 83 32 54 28 2 56 90 74 86 19 92 66 70 35 26 65 50 100
12 1 51 81 17 93 14 72 68 9 61 37 60 24 91 6 65 84 19 45 57 5 10 85 83 97 13 55 26 53 73 33 21 87 82 74 29 25 52 56 95 38 63 79 31 41 18 76 98 43 7 42 62 89 49 70 36 27 4 23 77 75 66 69 54 94 96 15 71 47 28 59 80
99 13 46 4 41 79 88 93 53 82 90 85 71 62 39 47 94 84 76 66 81 61 7 56 37 31 11 55 87 89 21 5 14 33 83 73 92 22 1 32 49 19 36 48 60 78 69 38 24 43 97 9 54 58 75 45 67 20 26 59 57 86 96 3 15 91 98 99 8 100 34 17 40
10 39 71 77 11 1 37 94 85 31 41 96 61 51 20 25 10 63 81 89 73 14 92 13 100 55 88 60 45 58 26 16 98 76 70 69 9 35 91 30 57 12 83 75 66 72 86 21 87 19 97 59 38 7 95 82 40 78 99 93 22 23 32 33 80 54 46 43 44 50 17 18 6
5 95 13 80 41 24 40 73 45 84 93 1 11 38 29 49 37 31 87 33 21 85 81 97 71 77 78 69 42 65 48 56 62 6 54 76 7 91 61 9 67 79 68 82 47 83 16 25 89 5 75 60 51 39 12 99 55 96 46 30 26 10 100 43 94 72 86 17 63 20 58 57 4
2 1 29 51 41 81 53 45 69 44 73 68 5 65 15 97 34 89 71 100 31 63 88 25 85 21 66 23 11 8 95 48 33 61 22 17 19 82 56 47 37 77 91 14 55 35 46 27 58 60 7 62 9 67 50 83 57 38 49 87 6 92 2 90 93 76 52 74 36 75 86 39 70
72 36 47 26 61 41 5 97 6 95 39 81 92 21 56 71 87 1 76 73 46 16 60 33 27 37 94 69 54 99 15 7 83 28 40 44 67 11 3 18 31 86 35 23 49 88 72 51 17 96 42 90 45 93 12 79 89 53 19 9 34 91 84 62 70 14 77 59 75 13 43 66 63
4 51 47 33 1 76 65 16 58 53 93 37 31 80 45 69 81 44 26 61 86 35 25 66 8 48 10 41 39 2 23 98 49 43 21 91 89 12 15 9 92 5 46 79 42 94 99 83 29 68 75 88 97 85 13 60 67 6 74 73 22 77 27 71 70 28 59 95 3 20 87 11 78
36 22 49 17 25 21 59 76 33 58 96 63 79 94 32 81 53 89 95 51 55 46 47 42 19 100 3 31 97 13 56 11 5 93 1 27 20 77 86 15 41 65 87 37 85 7 62 4 18 69 39 38 84 45 28 40 91 73 60 61 29 35 43 2 44 14 8 71 99 54 36 9 26
64 33 1 81 39 96 41 85 3 5 97 37 46 44 57 10 83 28 73 59 61 26 87 13 50 69 92 51 45 23 98 31 95 88 36 21 100 15 89 54 77 25 34 65 60 53 99 35 14 6 38 76 71 11 94 64 86 9 19 93 29 40 52 90 2 24 91 27 17 47 70 75 42
63 49 87 1 61 36 41 57 55 96 65 35 13 93 39 5 17 77 89 69 32 81 97 51 95 68 73 25 48 7 20 71 84 31 98 9 66 43 70 15 37 11 33 28 44 42 26 76 90 92 74 21 72 40 99 34 100 75 85 47 45 50 54 91 46 86 58 63 12 16 29 80 8
62 3 61 42 17 19 11 89 27 33 37 73 43 21 35 46 29 26 86 41 81 2 1 45 59 67 62 99 9 40 5 49 6 13 65 48 75 51 71 94 63 16 20 57 23 98 31 25 39 7 76 77 96 14 55 85 90 92 53 12 64 36 18 69 93 79 91 4 15 97 70 47 83
32 82 81 5 51 83 46 36 49 1 31 85 8 7 19 27 77 10 6 17 35 13 30 100 95 65 11 53 69 76 26 41 34 15 44 16 96 18 91 2 93 9 63 21 62 59 32 58 37 54 50 97 94 45 25 64 99 72 20 3 66 29 40 92 79 47 22 80 39 57 73 33 56
60 77 71 7 30 95 49 37 1 41 81 46 13 21 17 39 45 28 5 93 26 38 6 83 51 92 75 32 57 69 66 16 58 34 54 27 2 56 3 55 20 89 18 96 31 76 97 4 74 61 11 72 9 25 29 47 36 33 15 12 85 65 94 53 99 8 80 82 23 10 91 44 42
63 93 97 8 71 96 81 25 53 21 29 65 35 33 69 1 28 87 83 57 95 41 67 11 55 46 37 16 88 60 50 51 45 13 89 78 15 75 92 91 43 5 86 9 49 31 34 27 85 40 61 17 47 14 66 44 26 64 77 6 73 99 36 7 62 12 10 82 94 3 48 39 23
90 69 63 1 57 9 81 14 33 92 70 8 39 31 79 56 96 6 51 89 60 61 85 29 17 54 41 100 10 7 50 74 44 82 83 65 67 91 73 30 71 25 21 28 37 5 49 2 15 11 53 99 87 18 3 93 95 88 16 80 4 36 75 59 46 76 97 58 68 45 86 55 90
22 68 51 52 73 19 1 100 81 57 78 24 37 59 69 66 91 9 82 55 5 35 97 42 94 53 15 29 36 26 33 83 71 96 21 64 3 39 25 13 61 38 31 85 90 93 47 89 88 74 17 45 8 49 50 7 41 16 99 75 11 46 56 23 43 14 79 62 2 72 86 48 95
22 61 50 24 67 78 15 37 11 32 1 86 33 13 84 29 64 40 91 58 75 51 20 82 81 80 17 19 31 41 45 77 21 27 54 96 49 93 69 85 89 73 10 56 63 53 48 35 83 71 98 23 9 47 97 55 65 3 44 28 22 26 14 2 5 25 76 39 79 95 46 38 92
60 1 97 69 13 77 10 27 71 28 23 33 52 11 50 76 66 3 31 65 25 51 26 7 5 45 61 70 49 32 55 89 41 57 85 58 87 53 43 81 47 96 54 90 37 6 74 39 15 9 17 91 59 46 18 24 98 82 94 20 86 72 75 73 56 64 8 35 21 99 22 62 29
48 65 46 35 73 21 1 18 20 95 44 26 7 31 9 80 81 90 39 8 33 55 29 71 11 19 27 36 37 24 10 61 51 45 5 85 49 25 23 93 99 6 60 57 69 70 87 76 77 17 74 32 41 53 91 79 40 3 100 16 54 97 13 96 89 86 50 28 34 22 92 42 59
47 21 12 99 39 66 63 65 81 77 35 11 17 31 22 8 7 1 79 73 61 75 25 6 41 100 36 97 30 23 33 71 88 76 47 3 45 42 13 94 32 9 91 19 60 95 29 16 93 40 96 89 58 5 87 82 83 51 57 49 72 44 43 18 53 26 67 62 85 70 52 34 59
68 1 53 69 36 58 59 81 79 71 61 76 93 57 73 74 89 17 63 11 85 31 98 5 51 91 43 16 15 13 6 100 9 66 3 99 35 44 77 41 88 21 83 8 30 55 40 25 82 29 19 87 97 96 7 37 49 56 84 80 23 65 46 45 48 26 12 54 92 33 67 86 42
95 91 13 31 89 21 35 93 65 45 99 33 61 37 25 79 55 28 51 8 10 5 41 23 30 27 77 66 78 52 1 22 17 57 18 12 81 69 49 75 95 72 7 29 97 88 11 90 39 76 67 63 34 74 32 60 47 9 3 24 26 73 19 36 38 46 43 85 16 83 4 53 2
40 18 28 21 61 9 99 81 29 20 70 89 40 11 38 86 77 15 25 75 3 76 98 83 1 33 100 67 5 69 93 41 55 49 50 48 36 66 10 13 44 73 17 35 79 53 6 82 47 39 80 46 43 51 31 45 54 74 22 97 16 63 85 78 68 56 37 30 64 65 57 59 90
96 7 13 47 81 21 5 62 93 15 27 45 85 61 52 23 41 51 25 1 35 33 83 57 69 71 10 86 36 58 98 16 65 59 42 2 74 88 17 96 64 49 56 14 72 26 89 46 67 54 43 37 77 79 95 31 39 8 87 11 91 40 6 9 78 24 76 53 70 3 94 34 99
63 