41
34
851361 338610 2762545 3463081 3559026 3263212 4645881 6454588 7960411 927113 9469955 7937521 1029121 8473521 9518663 998774 15490876 7258993 3186515 13266781 5388101 11234860 2232426 887733 21855785 18232425 2778681 1533274 9130469 15405655 3990601 17890059 25277256 6954684
44
452957 879110 5855131 2690649 2870061 3272905 9307935 5034241 897532 3222887 5370245 7642143 10484407 12117270 2339107 8050917 33032283 33717096 5596251 32483166 16591177 38415499 38261221 32234333 90518 14647353 36422085 27351721 19533632 30146725 21438680 584675 14430351 63917601 45846531 19751617 5621041 37150305 50027993 37538876 5076271 75215445 53652513 76793926
33
293691 1681881 5323201 1034323 14955306 6135697 16646697 5550937 19886656 7660409 4147001 6661945 9553233 19266617 24549613 10268081 16743514 3360553 45926866 43176737 7974121 54220673 35485973 14711113 2632531 52993393 78488081 5038971 23559178 27226527 42191437 47346729 68744365
19
977664 6525247 7215494 10424932 15478866 8487925 17085965 10860145 15471643 15883581 35928466 44830108 26677236 47542331 52655041 6968833 62201539 67637283 22960731
7
4789174 4116359 10213421 18242247 4006753 1917962 2698032
12
895385 4869853 8375369 15815773 24205345 9052559 31182529 13976501 29640689 40226495 49680601 51506270
4
6026359 12582127 11947069 7106932
39
7036697 7521236 18082561 20312181 13652377 36905864 667029 33321096 13574341 1766881 795353 61836253 30697151 39387966 100791081 49354273 45188281 138417345 35979881 28768631 34355861 125402691 118026579 4246062 49337959 166995921 77395519 126213027 187297476 54703946 151402567 94629341 251149295 56880721 22449645 182137001 33098969 50758059 45470701
16
7211457 1571621 4943829 8902969 25207723 20804266 48457340 20866465 14272935 25451305 65353449 51337651 3486990 30758266 32225325 67867393
12
2265793 17049393 27672871 19063241 22026990 6127213 19800705 14361177 6353605 92830287 52521501 10268448
20
8618281 13419681 9383060 38865101 45384769 21026897 23274281 69786575 72339212 52378857 109012336 129433639 94728946 6660425 69731773 57082685 128711403 84560701 139170065 16068569
19
3883216 2128341 13046937 20117072 39195901 38926885 44983834 259852 27834291 102788621 63258119 98003697 13315195 3994717 141387884 185181057 57742741 51873526 6886249
10
9215870 627329 11360902 27579664 16448015 5204917 20037533 50659505 5717800 121830499
43
6682292 27206096 36025129 11652111 2267951 70119819 11999953 71747937 107312239 2935355 108216671 535776 76011444 19093661 34054994 106285531 75661118 54989473 33767611 103350521 42205624 81820081 70286413 1471881 105273231 164199631 20012086 167172337 296102451 171723745 169825594 268336355 261266439 415627153 103221529 365357461 502044073 98569065 3739293 35560540 395961370 174374725 264418753
49
7756937 21084305 1451152 7993705 13958563 51831028 77348461 108807752 133104007 35609768 65845597 111065956 33820423 9494497 530407 130359409 48984626 206016071 13883053 38030257 24396381 122997357 38162553 224758666 203427605 217079631 340693611 51634309 100844851 229109376 81860391 94869901 161875841 113104306 84419281 29928656 464255553 148381429 265131469 177688801 328511626 27076753 136622421 548266001 465239195 19314065 208303492 9324986 239952313
24
7185559 25425858 26674357 21837611 30894898 14387192 101756476 8134033 42445693 20261955 158082871 72255265 89572795 123228771 17534479 206771796 5233601 106021726 66082881 130224447 5625233 84336385 69191123 193927361
32
196365 1560783 31846741 14235928 18198001 24561601 1905671 17681707 46951057 52378208 94099846 67254265 97242305 155896665 204919339 40037773 15079351 7071121 826165 157333391 34851819 91693305 110499878 287403268 65287915 338730845 220243393 178953441 37283119 85829563 474799153 44235309
12
12701805 13758457 6630941 28394531 86727692 12941809 778727 113025620 18440541 4592929 103033360 48193322
10
8395226 4574033 21631051 66031516 62050736 52657355 87738299 129204026 55810706 75395131
38
17085399 5819973 33870451 36464889 45044801 22091225 65026567 4280923 97501702 73956561 92588939 132862573 65482111 37973275 99247149 93601652 44582059 95220401 221132785 139828926 40728169 91917398 82766059 398461017 306366112 9434309 21640561 307580145 175033405 333483801 16427335 131929495 54757448 546477801 47409244 214696018 416304497 387105841
32
11266201 17146400 27241481 83425330 95888596 52914951 3074401 132484501 3613237 203453671 127643725 109633265 26549466 81831816 172037314 44833489 165679309 21628093 397218934 249987553 370050041 151388353 9610917 30164806 400289807 318129948 158148901 204103797 95902948 176262794 54145006 523877229
8
13632745 24917329 60573751 77026858 56596393 72387622 32615793 106916564
33
3357473 23238601 3702847 49339330 10780889 29964551 80421937 36414181 24648490 147337781 48743665 13438819 101834181 5355131 59536486 68580095 311517777 220679145 2741893 51123689 125173921 5711971 281250985 41593249 66072721 579886945 403987151 34357017 535143265 285644545 635569201 118113649 396324901
22
13251272 45661553 21123009 45409753 46930241 757337 14314133 89433296 33205429 81295869 104039787 75191494 184661381 117593821 22824586 113319919 118612869 389767335 249391468 130112186 265251551 81651137
6
21174625 25944497 62966224 68231768 35651950 128379343
40
4832251 19052385 46175539 81202608 38318239 84237136 100517649 123985116 52834667 114540011 2979009 53259749 7832641 111387320 386937487 374434455 224193375 390279001 70340024 217959801 61565881 395021103 201999622 16766854 124275441 121525273 317006371 120349045 52909225 424771807 333703981 324877861 131324977 567747130 136900117 52799716 99303601 235391983 353096525 695690542
24
24744967 49947876 17654900 9247041 41938427 13677232 9659134 177620704 50868508 25558930 28814391 240319021 136684801 113306551 207063577 191201312 372280459 237233403 273320150 95022977 114939316 49024711 254097517 9447376
37
17463097 22743461 614762 9278605 123480463 36272603 136054576 207798991 27690301 226452101 24482577 134734501 11882322 21256061 335108761 204337885 146394633 297893386 36753151 149846530 343195925 311413876 56851025 547891403 679190985 320726881 102966667 108645433 427357351 342720 475682803 299926948 469428961 198086945 51196753 154345345 721308421
22
1674201 6192689 5844526 10637616 10352069 73380793 16327886 74527201 107269701 239635666 8613208 311725311 350506751 89852991 246897079 450667831 255054693 317029159 22701876 100659153 145828309 16311457
36
22138627 6586053 22302937 17547607 145477537 162695563 505145 148321501 16993881 4142037 59419529 802145 39626881 282802700 67011085 91947387 30232441 96703363 213698281 246839629 234851901 360994041 99469711 202230568 24968461 693918787 64695017 5030125 96454261 118186642 361648345 824041625 289750626 196745837 309215509 109306618
40
25350049 17662191 36013675 86301285 22577985 52516147 5297217 74509891 253787636 261255732 97726633 81961671 211195033 269946590 24952305 29786977 375098529 196333999 395163822 156086889 151581657 198541459 104158275 95889133 227463261 119159227 209297761 249414501 18035106 36162121 443237625 589566898 732369756 155935438 399394161 1346030 193576865 81402321 176158981 44900753
27
28158651 33858019 92292361 12272121 94190673 74996538 74451300 22828825 164809889 109884387 204888963 303408073 49822721 105555871 10462909 252321345 374571091 276808159 544113337 55017206 192241745 67835356 77420335 498733775 52348661 428262319 783668641
15
7502506 37976749 8450295 2711758 53476667 99716176 79929018 239833561 64559227 75360325 308868769 106191625 206764116 322634035 173051437
19
6617317 5436111 66725449 74443649 84833331 16929166 91652653 8284497 23384329 257952391 67333876 310882937 21037844 93133773 379697953 3837791 50531753 33772861 6280009
23
21543191 22460369 79945279 116076229 64254189 7089341 90479327 86681809 129978352 257303317 49587960 38537049 159890617 46831331 265669129 217626895 513123185 89572865 228810753 94963411 307901546 354758833 555688684
23
20416043 52957871 12524513 9653177 109175135 107990704 90156641 95358055 90205313 195759397 111498575 33056801 370922545 379223691 430501875 112089532 1261817 202989691 472561615 11320948 218855169 42086129 387558225
42
26851561 61794655 45571917 61732991 148620889 47266561 171673745 62715873 27058017 341763543 37929074 332479721 299003605 194508191 63599901 82560661 27513521 302002207 10421170 532124553 410256915 23966409 342556449 256579087 62811113 128298574 207297001 17479639 134536471 345670951 79470133 409341131 75725651 609617377 485897476 1025021741 8072128 508699417 451873761 862518169 410742371 28283767
6
22296911 17923747 28744469 119561325 73857699 5972701
7
38527508 69193456 40544769 47458009 121199863 56875762 231254478
34
16148639 71215761 34125493 22177215 136642142 36227095 271816051 257961001 160160229 80562091 131928193 89336253 14409281 131728751 538390606 378933457 255935869 317949516 252658222 88656556 81609529 167112823 82423948 259582771 14440001 357804026 285887856 709515129 262982630 58996065 8603361 186106201 490565626 217962203
2
1006385 10389876
