15
27
530498 1991269 803701 169995 196513 1928032 3096439 5448777 8012461 4664075 5749031 761448 6747711 1410521 5877070 5043597 13555233 6866401 12928069 15613729 14908531 9988081 5108201 1061941 3527321 11078167 725828
37
1997002 491016 1277131 5145905 2755942 5428977 5473233 9424079 2751507 7689251 8201053 4763721 11558148 1131425 20035333 5044793 32866901 10992806 22659721 31557269 1832491 3878638 331992 40700459 6831891 17306867 5750713 39301293 7430426 23218871 51482976 5690226 49492690 30498049 31703001 21426381 39662321
26
2173482 72115 2757727 7604122 3908631 17229313 9786025 19594666 18536679 6448381 14049874 34659580 13599310 24324865 14061881 13414381 12409799 36664941 38646044 41037599 26857756 12737409 14865995 7543961 6342049 67242801
33
1524279 4599675 5583471 10378635 9700795 3282388 12329009 1703785 571429 21264967 23858853 3940799 11268241 8213613 57661621 29279752 37663291 35942248 14137776 45422049 50364745 51222933 30286095 35655651 37310670 23198349 2329447 46432541 78318153 64290856 83544001 4567959 96588697
2
4894557 2625919
19
884099 7516775 10517114 10569961 27583553 4624007 6503751 19336130 53117986 12610953 61044606 63222147 62354479 7757095 55663701 27769855 78058853 104237449 100391305
23
1049301 6134257 3333226 5396322 21000639 20303116 4614851 9767276 45295111 38023301 70783189 10230313 46239490 25605301 100233887 108121845 6635757 96211285 39848226 132506760 12695179 82763242 46319743
12
7744222 11536309 16538512 8862548 23892669 37208696 39352181 33930493 50906941 59443031 18401327 32407441
43
295335 490259 11664394 30969785 27751921 16461051 27008338 50902246 24319156 84265267 97890577 66658945 100684801 53795616 105314551 48118695 35000143 80389935 69325703 126762001 26700285 151342951 198175051 139888551 206198516 54576289 117059457 129748045 184020371 133464205 141126912 270865891 23093971 183744379 46481636 187762524 211364011 232808276 289814401 261696641 94656633 50450077 6426951
17
1269063 14877331 733723 38917721 23616029 337215 4792028 29264797 35424906 39288814 1065345 46303204 125821281 118642164 93048528 63775245 138946356
38
9430465 4335277 27415273 13588081 18633247 44334866 53972101 13845832 81053477 66672813 94442817 19664100 34323745 11332151 158563406 92492225 9492221 25553878 18856825 67865321 160893373 104215345 18122981 21853354 160532802 32760605 182897136 182366435 10351435 129551481 95709707 313170094 310464397 232052757 16192221 6471001 361736593 50775761
18
4506931 1503961 20911141 2051008 9059621 28462843 68522371 4768621 23843377 67681347 5828194 119881027 68387551 73608687 97222408 57434551 45749721 98679537
2
2250613 21268662
38
3782709 4005301 11070523 4975001 46780638 56761216 14520552 11886267 19456849 51645571 333901 54916070 68985658 133494785 16862721 90542839 99606897 2287121 15052543 154314568 164954822 179256435 204691836 66692629 269242441 125963736 17372846 39257415 300218056 140845745 93988441 58943806 189826041 418652641 91606725 112671934 378314509 197727281
44
1130300 14422911 23626381 47804261 53448946 22135825 82934697 459220 8605487 49397041 112633920 62982397 98470607 104445633 139668136 104688719 117532385 118598293 211969759 145674211 225514576 73723786 99143701 125986321 225099927 5150962 268941265 62092591 41030101 126177805 221610822 238510529 113606671 210528605 407096977 201652046 212713583 316028791 95497718 96408885 153173341 66934676 319607029 87147766
