31
44
929533 728415 2966185 3553372 2496616 5060637 3031379 7488403 6309169 1920633 4891481 6548393 3516121 3279879 2354986 3482801 11112671 12909293 2401601 1170993 16408721 19606812 22540820 6708766 9877865 7908375 26213169 12790731 12006700 9103121 27713289 26156574 26328001 25364481 17993523 1256203 12586385 26031677 22034689 20555997 37336540 29193038 21310027 888452
25
78407 1946009 2729036 6159041 3534825 10393101 6508145 14388341 1967137 1382003 19923377 16369714 18819843 23494723 16744443 2149501 25776531 15798697 26141805 38045951 19386874 38852129 35977681 43200544 9909045
32
2927083 1901546 198541 4972863 12397987 5551709 5290045 2174099 3913921 20252456 29367637 22553391 25689649 24174166 4965517 40936526 48402883 38260897 5709577 12518647 19233641 24591502 30028841 31150882 16803033 387031 46991301 20593447 29658505 11344782 29644921 11589601
5
1466717 4782753 11559970 5647069 12020227
47
810448 2286095 9050423 8103167 7838907 8032737 5854321 18313481 20701483 37259998 52897529 31511943 23803757 2930014 7947018 35365760 41811055 51535851 37886893 50002081 33096599 92031156 68072961 51733753 18232041 33354309 130639108 67047877 15887175 68977741 123157114 66919825 27601211 127554741 130338744 65080833 58357507 50299921 7311067 101302576 7639751 174084061 5780968 143095097 211005697 30071359 116146025
35
2637924 10977921 408781 9776503 8393141 15175855 7448820 41684923 5365351 11833885 41942461 19677781 32231194 3826661 2729836 22141441 20543545 37545903 16805671 22454679 24239244 42359693 53660971 9808206 147246 79352705 5691547 77790287 127852272 9732637 10243414 154650757 16743629 187221 28944631
36
1725415 7187029 17775791 13046905 32397916 9579848 26272345 33550583 60309881 2891325 33770695 32982136 42161121 42261791 26272837 2834653 11110753 102407491 25195661 99025703 33521443 65137262 25747473 117150161 97731766 139303603 26440973 162541289 35719157 101114964 52228301 2449184 61408471 126425391 52068871 33895646
11
5657449 7366786 7020925 28730501 6597616 22101181 4590291 1971451 24248640 47822901 35470999
47
6145069 5086837 9392096 1463911 44804441 27629841 28605950 52733585 38719201 45492630 97400626 58326677 67203609 83973403 71705038 135255207 76213204 144593803 53877778 160674985 99281729 91720121 134410676 47621113 121765377 24357173 112071801 130548701 115374025 142756121 212530429 238478527 150450936 45817653 90260116 23801311 190044692 59642847 309369945 28424705 10938385 80000920 81881630 45837193 170886633 31681153 4658657
32
2062185 15994815 14237209 24771663 33044257 44075459 7072919 40326537 29322034 48905857 24509865 81553609 3610063 102606996 145578195 154230058 70266708 95535581 162160797 35296761 170559376 24413656 4864464 51386259 153216948 4724266 167882721 235422141 181079277 283275233 120360289 277073423
15
9281595 17935551 30838021 35704612 44142079 65815273 40666871 55941503 1650651 76082059 15031615 13438688 48561473 148940233 6976326
17
8293384 13769509 12923224 1986361 10423927 63562155 34457106 74376226 104487478 25216255 14272930 109597414 39632405 31166686 127747371 63019819 157760239
18
3648849 7067507 1717681 43465299 26733924 25366961 2191193 1137805 8178761 16306042 33015445 81057421 42455697 129874921 190240171 118902481 8931636 33505561
8
12052865 9573091 12599536 3330938 3357343 61922455 13397131 49608960
35
4758373 26850428 18300826 3581507 16428865 40172809 33505837 42953361 59957213 81563567 45727597 38536603 28758901 25725901 164305105 112804825 139422482 73942510 226224001 93385837 114747841 31314338 8574973 55923085 71093905 132529631 143421713 291952753 31896080 48909472 5250941 23170099 223017712 297407649 40682251
34
6638481 25026937 423313 50317101 11658211 7801356 53208169 55851052 41895176 118511935 59355813 61076597 117545485 2742126 25923147 27860411 223438469 157266634 269843833 39378689 189735239 3929685 180153342 260034739 168877705 100749859 355982446 405213775 77127549 100130473 388332939 178494641 345374083 5172033
44
14410926 33771015 38921176 32656890 83153801 62765932 19414613 268821 112977449 30834479 52605837 187086154 140310759 13577841 126143517 118674689 60088450 48907171 127290961 55763141 81202804 106062129 148500301 185963143 385431729 77530881 401890138 239009161 67603971 91508941 267097979 220960923 349533001 419057941 29484417 156871065 123465966 570569051 117311455 639182584 120073641 214316946 180456667 45096724
22
13710925 824467 33168367 32967085 29057619 3226776 81644945 1591864 92813941 37639297 42468513 69713913 7381121 177208780 46415998 54556981 159787217 83991249 85805452 94770531 342063466 81325271
26
10668586 32494618 51850890 34344126 72132839 24420361 79143945 32362675 88134741 161982841 101688637 72088751 246115021 47101621 62978371 198219677 6038575 241184945 35626193 32326081 82443788 49760088 76922472 38480513 8425308 10018396
42
7627161 676609 31085285 60437047 6529421 53591297 56570083 46236673 153190991 166470581 89855391 111272625 230700009 66280157 198803917 219523065 45399589 207484481 369763521 125226589 15232786 20141997 373814561 295763671 3136541 106176101 35705713 240944641 133073139 549603107 164134081 111364853 85464833 319890650 173101545 3611917 28189633 220487902 399744053 78571205 152826081 516665197
32
6393934 4181227 15596374 49002421 35996178 28987579 82566750 33501613 95764276 19392701 99484337 216039306 140575934 14612879 260895601 83104193 160088529 94324380 150787906 10655737 190257929 199692873 9921463 163682677 32809661 491406712 71711905 211487596 498501741 405077086 29034131 231038436
48
20829901 10505431 14052301 49976529 79327377 18599960 142091377 162134449 83315649 10051966 236069263 101914804 284010100 219023641 164683594 324016324 63399843 120370329 291183140 367780882 46660595 124095854 389867479 388471306 383677081 53265867 18779785 246639457 57879956 52756705 65402189 320406549 297026061 511878893 524011753 5009047 15072055 63157357 27437576 51038257 215748055 100781389 179542532 11308116 44686279 404343369 280509179 302255305
12
14006146 41364587 5199819 147826 45751609 31852560 115178527 16186705 42911987 127964657 164065105 101663293
15
7309862 27086531 18669798 56783541 52021105 111160867 52060318 97341947 155887106 27648530 168164998 29905785 131417173 53273948 86745926
37
10431128 16133485 7084297 32092836 86677841 79664626 90964513 187881767 177373037 242532249 7511593 158796202 26475985 67315129 101475055 156489701 162861073 330597601 45947064 128774002 283728571 464713839 57384544 532866601 506515696 337669921 14683947 42614027 514433461 215610529 487417755 182899612 30339397 466276786 32060178 778922299 124340257
5
23662621 34541541 9240049 11213145 26987786
16
25401334 6407249 1258265 69232022 23983847 9432451 38294127 32765591 226929425 220024746 290058071 23091857 18690368 190599499 91357309 134001793
34
18550596 31189057 82830693 37666741 105430148 41701089 6793201 218839335 82223878 52247455 113555249 291997275 68264301 7820371 40843831 209202829 474653223 35023621 45547015 191397979 267742916 365497 197381 29829493 8392627 210147841 447094624 560391876 383966668 409643911 83075071 346781057 425512891 129903001
33
8306045 19478044 82885120 18170213 13720285 105989450 187374019 154817965 49701561 16197921 33580135 219242765 27848455 124931537 111936285 202951288 1912545 20832168 40544447 64027275 9083075 378982901 247128699 197917431 72843717 194864083 56820281 2641951 586937961 319596733 150267681 208522035 286857754
17
5009041 39232429 10787049 83088686 36122633 99989812 103154995 79083721 73004 21177697 169693525 204067501 79445578 41404801 58433561 235637749 338389310
11
589497 17202363 21483653 17353140 40121592 48464461 131809351 130183449 58811866 289583587 129314203
