10
10
0 0 0 0 1 4 2 0 7 6
4072 2619 8699 23929 20416 7233 29020 33438 44197 37246
10
0 0 0 2 1 3 2 0 8 8
7948 1884 7469 35321 5786 2973 157 43201 35816 23794
10
0 0 1 1 1 0 5 1 1 0
4208 13128 22560 19489 35713 51117 38404 34986 72854 15136
10
0 1 0 0 0 4 4 7 7 5
3587 8466 29976 31913 26191 19277 49542 49678 61893 88194
10
0 0 1 2 0 1 6 4 4 2
7340 13315 19256 10331 43120 8094 40563 14337 34422 15059
10
0 0 1 2 2 4 0 4 3 2
3164 13046 24339 34540 11984 39025 42574 46278 78365 52086
10
0 0 0 0 1 0 3 7 0 2
9183 9944 8279 32414 14019 57276 40429 46497 56014 48394
10
0 1 1 0 3 0 5 0 0 8
9073 16455 13944 35104 34749 5741 52505 72648 88933 3622
10
0 0 2 2 0 2 1 6 6 3
699 15585 15464 33069 33255 30954 55838 72193 34002 45783
10
0 1 0 2 1 4 0 0 2 6
1154 9429 990 35807 954 43142 1864 27633 4036 26123
