7
53
0 0 2 3 0 4 2 7 8 2 6 2 9 2 3 8 16 0 7 12 18 4 17 3 3 16 12 26 4 12 0 23 18 16 11 30 30 24 23 23 33 20 26 0 0 2 8 18 10 0 41 50 19
37431 24218 70316 77400 80219 47417 35277 66042 64388 36795 70450 37558 31784 20057 92187 22601 24799 31394 14854 94985 12768 11366 57574 16758 5468 25439 49514 68790 74188 74650 37222 30647 57289 80042 26631 7046 39057 32905 7194 26961 92011 97254 62571 11494 68957 8072 46409 46323 41942 36766 72429 19921 30170
9
0 0 2 2 1 0 6 0 8
20432 60852 97456 89135 10573 9796 68788 11536 32546
53
0 0 2 0 0 0 0 5 2 6 2 10 3 2 13 0 5 6 16 4 0 18 18 13 10 20 4 22 4 27 6 16 25 18 5 0 12 22 13 4 3 33 12 0 33 36 30 0 15 45 42 9 7
85057 71544 51815 97632 53358 70578 15124 37925 62879 77084 17079 75922 82176 9777 53385 56621 34467 33496 85203 85734 35404 64120 47647 2795 75189 70117 29984 7982 4601 29838 41166 78088 69418 31742 89322 26193 48953 79489 77143 56696 96283 45017 25186 31277 9008 48 6428 8494 81499 96210 70912 98479 69344
89
0 1 2 1 3 0 5 1 7 9 4 0 4 10 5 0 15 6 1 4 0 18 2 15 8 20 26 6 5 7 0 14 28 12 3 28 32 26 0 32 19 14 11 24 30 10 19 40 10 32 13 13 5 26 30 42 46 18 34 19 60 0 26 16 51 41 22 25 41 16 59 6 52 1 8 44 4 36 17 52 0 62 31 12 73 60 75 28 27
41466 18835 40032 65834 12269 71791 86946 12616 89252 90882 35783 8487 59279 56769 87841 68185 89503 21780 48895 23671 48994 62976 42865 59418 18465 6951 757 62758 30259 72481 90332 59706 91042 85459 21199 9652 48325 59268 42258 74952 90711 88279 29753 82362 73588 46662 90380 80224 76529 36621 90661 70925 9931 56207 50984 40910 25612 4844 84483 78948 67898 74976 97920 8768 7038 14663 95945 14866 72531 44910 29957 2118 16013 46210 29546 58190 33568 46486 91252 72399 53950 10747 26772 62557 9063 84799 45878 77220 21395
85
0 0 2 2 0 4 0 4 0 9 2 4 11 6 12 12 2 5 5 14 12 8 16 0 0 24 16 26 5 20 16 0 0 0 18 32 17 30 12 28 17 16 42 16 32 10 4 39 14 20 30 46 44 30 48 46 1 10 0 41 31 30 0 16 50 30 14 23 60 0 52 52 2 61 73 38 6 50 44 55 79 76 29 0 48
41385 15693 42992 3847 89647 44886 20479 52976 68883 6996 45210 51369 68236 27352 92421 54141 94921 70012 18707 17330 42603 98051 4538 12598 89760 93816 52357 36367 41349 36170 66245 93573 28697 29406 79112 73990 3047 61158 32232 33035 39424 18765 97181 48008 46189 70137 4052 50384 63828 25099 50995 45633 57652 24044 46649 28821 89647 92315 94146 49662 89768 23693 3339 76181 55067 32062 22117 71398 24832 15081 95832 92481 50790 73446 14617 55519 88356 17088 56729 15250 57179 31357 9042 40208 62147
31
0 0 2 0 0 0 6 0 3 8 4 2 8 0 0 15 6 6 5 8 0 8 16 0 22 24 11 4 20 12 13
95336 94761 16721 12759 60689 41880 89958 31763 58287 77796 8442 19399 20419 69263 40140 56865 27979 36953 81281 12173 11545 13764 20356 93203 7335 637 6932 44251 53114 79297 6512
25
0 0 0 0 0 4 0 4 4 0 0 3 5 3 14 0 12 6 0 0 4 7 2 19 17
95384 21103 69452 24347 67963 60828 58072 41305 89460 74911 2293 7157 793 48897 69543 98055 28457 29871 68926 10175 78033 960 78037 18894 68207
