13
63
0 0 1 0 4 4 3 6 0 5 6 2 8 2 3 12 0 0 2 10 9 16 16 12 0 20 14 22 21 21 22 9 0 4 31 4 12 7 26 33 14 27 36 0 36 38 38 8 14 32 35 40 25 12 31 12 21 4 53 13 1 48 26
87254 90373 59021 47223 96162 85529 22352 62184 34339 59870 16486 39166 34394 32125 26882 43861 64249 11949 42542 95858 90004 76655 3425 92178 58571 69816 30096 87549 48471 71281 70937 40474 72392 81543 90100 82252 12186 43130 27128 71441 64780 11224 51707 33323 71407 8973 99933 19977 16973 63348 35870 73876 83380 60794 73400 46026 71306 28237 3159 52613 54148 14112 19495
1
0
63251
51
0 0 2 3 3 2 4 0 8 7 0 4 3 0 6 13 15 4 18 0 8 13 16 16 20 11 12 12 8 15 16 0 29 29 3 25 20 28 33 11 40 32 38 32 35 5 12 6 40 40 3
67202 18649 80052 11163 99557 79378 91993 72787 1757 67539 13635 93776 40375 27535 27483 72401 9097 60053 97084 57100 36562 83869 13520 28604 21158 85218 19889 24885 28093 22187 55861 84942 30133 75406 43251 53667 9667 41817 18950 79806 42344 47989 1694 74344 5440 93587 3189 93340 86431 97737 47573
65
0 0 2 2 2 3 5 4 7 4 10 6 1 0 5 5 6 0 4 16 0 0 0 16 0 9 19 5 15 2 20 6 14 26 12 27 14 0 9 0 32 2 17 12 0 6 3 21 39 38 39 46 36 24 28 12 25 0 29 40 6 0 9 34 46
14564 73153 41052 15602 16948 71417 620 44192 87612 76736 90145 63203 34369 97546 24739 57103 30432 85260 40121 71087 78737 84587 10646 79855 2228 58201 36216 92287 79860 49239 94784 85327 70559 69326 53458 73099 70244 84614 74497 56670 93723 5379 21007 2272 65099 13595 22132 31488 35131 37895 14266 8008 77056 83292 37524 85878 41541 80000 55727 46369 66535 88286 63327 23358 79017
57
0 1 0 1 2 1 5 2 6 0 5 8 0 8 3 8 0 4 18 4 7 4 4 8 6 17 17 5 11 3 28 16 10 0 5 32 14 9 21 19 16 14 6 40 27 4 45 30 21 20 7 45 19 32 22 0 15
63603 45450 84944 1222 90645 25272 5767 65592 66771 81938 13942 30378 31603 45494 90251 17929 3806 88111 2490 11545 48228 75615 1724 56431 57455 60568 44634 34665 60835 35783 25483 75548 54053 83490 51454 68442 71527 10410 7358 1495 22529 13007 17304 17015 33974 88219 24507 6864 39581 22680 20328 48392 32057 9091 66803 90589 24562
33
0 1 0 0 0 1 5 4 4 0 10 0 0 2 5 0 2 2 4 14 19 16 22 9 8 10 10 16 13 15 0 0 27
93259 67451 42123 10771 22177 78973 86526 60211 2476 79463 12382 76971 63459 50110 7865 27322 91601 2266 56786 33847 80147 75031 26369 3270 88631 29319 6356 31592 45095 31852 78856 4391 83603
17
0 0 2 0 2 0 3 4 4 6 3 8 4 12 0 6 15
86548 3755 91506 95399 18894 94041 13912 87115 74043 92818 66341 8161 51505 24541 23363 85646 33247
27
0 0 2 0 1 3 0 2 0 0 0 4 7 12 4 8 2 3 13 11 18 8 6 3 18 24 21
70420 50865 51479 11884 24616 89264 87444 62426 84890 53206 33929 7377 95062 85360 11176 496 93498 3783 2816 67133 6527 67122 16803 83645 44369 5732 27245
1
0
52424
5
0 0 2 3 3
82445 62619 61401 82537 35007
19
0 0 2 2 1 0 6 0 7 0 4 9 3 12 12 8 12 0 16
57600 24272 30028 80618 59128 72334 63533 73481 63591 10963 73956 6407 15165 59268 27398 66581 41064 43595 26732
71
0 0 1 3 0 2 4 0 0 0 0 8 5 6 9 15 0 16 11 18 0 8 2 12 6 14 13 1 17 10 25 16 30 20 32 16 23 28 8 10 7 6 23 28 27 34 20 6 0 26 11 4 21 45 48 42 9 54 57 36 32 16 21 60 38 39 24 48 12 52 8
42370 81183 60949 30123 5169 56811 39113 71857 33880 35895 46684 43857 12034 97845 7832 41587 86124 79561 7023 82308 73357 93626 21164 72969 95089 25698 61822 61682 63829 45176 99350 64042 49965 1542 43593 30822 71914 79555 65334 30307 94916 8945 10429 45244 18409 1711 23746 20928 92020 70101 17430 9971 6107 38667 62639 87406 77760 87962 87330 36798 62025 30317 58903 54351 68950 8716 40333 15403 22847 15051 14449
92
0 0 0 2 1 2 0 3 6 8 9 0 2 13 8 8 7 9 16 9 11 13 17 10 10 2 12 14 13 27 4 8 29 32 29 33 34 36 21 5 5 18 19 20 4 23 29 20 35 28 0 0 36 10 14 42 48 34 20 36 0 10 29 3 48 34 24 60 0 6 34 6 71 30 25 72 68 72 25 20 63 56 1 10 71 7 63 61 0 18 90 75
3202 99738 96995 32837 74765 58569 60189 5967 61459 44850 14195 26573 75827 22436 33269 56717 28991 64318 71072 92734 15948 91504 13993 54139 33564 9695 39852 97495 1001 42453 94284 65619 54753 17014 34774 81769 81912 92158 79849 24174 32737 48433 77178 94168 60721 79003 55236 40482 79621 77994 69304 68156 18231 41396 70066 251 82957 5636 86333 53423 3750 59681 80603 78907 62185 82392 95898 92728 43410 73122 8943 31629 76939 30992 26677 64282 19141 13519 39595 98532 80025 27153 96304 12617 21407 12857 56768 37312 29887 68486 66247 15639
