9
34
0 0 0 2 1 0 0 2 0 6 5 6 1 5 3 8 0 12 10 4 8 20 15 12 4 4 19 24 24 25 16 8 18 16
76406 18665 609 46271 30824 77121 70489 97096 46258 39351 5711 71515 98838 50354 4077 76088 7718 14887 33364 9949 23074 75972 83559 70109 63989 1909 83468 78814 80637 50558 82545 74224 53502 4697
21
0 0 0 0 2 1 1 0 5 4 8 0 6 12 8 4 13 0 0 6 7
53289 44097 45281 6760 68093 20229 60195 37456 2989 26736 68278 35217 70145 20917 73968 2728 36030 95601 82025 72797 41189
81
0 0 0 0 4 2 0 4 0 2 1 5 4 7 12 11 10 0 18 10 20 6 4 10 7 2 6 4 23 18 6 8 21 24 21 0 30 5 28 0 8 22 1 0 40 21 14 33 28 29 0 16 44 9 42 27 28 46 21 42 21 18 42 32 45 39 17 48 63 60 16 48 30 33 21 18 46 65 33 10 0
71617 70231 96545 6426 35626 53522 44862 3866 38550 8779 74173 9805 63151 48621 11142 79594 11656 44223 97900 54472 21538 79101 60461 88361 31592 56184 31655 58017 71050 4474 38675 58176 63415 2600 5247 86831 40042 69927 81407 63075 24354 52019 67519 89991 99659 4060 93080 41157 42834 19637 91182 67414 67386 36146 88435 80675 65569 62161 21849 88556 21395 41747 44268 76560 90337 98397 75134 90894 5540 67800 12891 69798 77095 7965 93646 91116 56492 61987 20432 29259 56705
63
0 0 0 3 1 4 0 1 6 8 2 0 8 11 0 12 5 6 14 14 15 7 20 3 0 24 2 8 11 0 16 4 10 28 30 18 10 0 9 32 23 0 34 8 7 27 8 21 21 24 38 8 13 0 33 0 27 29 26 10 20 24 41
62535 73052 88418 36609 38957 12452 49008 56119 88536 31020 24895 33711 19890 10205 62897 94927 49142 74515 7420 89657 50184 67076 89441 29536 98117 59944 43886 95589 33825 35612 14930 80616 89387 73508 31648 72001 45390 27404 73481 92531 75713 82467 32880 29683 53353 3156 95774 31118 64947 90042 87431 58146 32271 31537 56790 55799 58090 51393 21039 75452 60368 97196 45499
36
0 0 0 0 0 0 6 5 8 2 7 1 2 0 3 0 13 4 13 16 3 12 4 0 14 24 16 0 5 6 20 20 6 0 8 8
94064 32057 42163 218 71390 44881 90477 71151 51623 82151 75912 98404 1003 35589 43489 84710 17412 72049 50460 72455 50173 2902 27418 80056 90453 60555 75714 91729 74748 66012 46781 38403 29215 12485 1111 25476
1
0
94982
31
0 1 1 0 3 2 4 0 3 5 4 6 8 12 3 3 10 10 0 13 3 21 21 4 9 0 12 9 18 0 13
85328 31451 93199 37211 87931 57624 77135 57322 25442 11473 57333 63865 54994 36441 41361 44699 15514 43569 67258 27491 32016 57327 77797 64537 11459 71495 59605 27274 27908 96635 70263
81
0 1 0 0 0 3 1 0 0 0 7 2 5 2 7 7 5 0 4 0 15 0 17 18 15 16 9 23 26 12 17 0 20 16 29 32 23 4 12 8 20 27 31 16 9 19 10 10 19 9 26 12 39 0 15 8 53 12 47 36 56 2 43 59 21 12 32 50 58 16 52 22 23 24 55 44 22 36 20 35 31
75516 39134 93902 37281 97009 22666 69314 41207 95596 58319 85889 29652 95427 76755 4448 76325 4867 42312 92884 35441 2544 11496 61380 15750 72251 11245 40921 97775 59964 3331 62990 22425 49572 97207 90373 47286 50534 2034 36993 26079 74090 65973 374 30332 58156 63893 37512 76733 6520 75387 88847 14871 34840 8316 32429 97773 26028 35744 53617 21352 28888 25610 26926 79375 25972 35664 99066 98765 57342 48858 29639 83136 25097 10401 94615 81400 85563 83028 52794 23274 55141
65
0 0 1 0 1 5 1 0 0 2 1 0 0 2 12 2 16 0 3 6 14 10 7 16 15 4 9 24 28 26 22 14 5 6 13 0 25 27 4 34 32 6 33 18 1 27 33 0 21 30 48 24 42 7 20 40 4 18 35 50 50 60 36 18 45
74010 60148 4952 6582 82808 2697 51733 84053 20762 61367 60754 19392 57331 86355 97977 88743 1566 49020 53797 42351 41870 45750 61171 38521 87457 20589 34111 1849 56529 27737 49553 97213 71606 12594 5090 90019 56468 73679 37744 21104 39115 95759 58637 58278 81785 87724 51835 90231 33324 58404 31564 87867 75151 85755 24078 90298 40738 8519 80784 8227 70178 57062 90575 25841 88550
