11
31
0 0 2 0 0 0 0 0 6 4 7 4 12 12 0 11 2 16 4 0 6 12 2 15 3 4 19 15 14 18 4
11885 72757 57476 37712 34850 59653 48513 23637 45015 72018 58453 28393 4110 40887 74483 97796 40820 57797 88742 91400 16084 24451 82205 78861 62913 83855 21253 28253 72236 48341 85011
55
0 1 0 2 4 0 4 2 5 8 7 3 6 9 10 13 12 17 7 4 12 18 6 13 12 19 3 5 24 7 15 20 17 1 27 2 33 36 9 25 10 36 22 8 6 11 30 13 35 30 36 51 0 36 29
98973 68035 39828 75216 53371 72945 17768 38888 57013 38111 6423 59279 64618 90925 40478 92900 17449 13739 14532 88038 30529 23674 20375 14 39455 13534 40612 21849 97088 13620 3682 2947 34466 88871 21736 4663 41627 77687 14906 92058 46929 76719 92428 67379 59374 15668 58717 9236 90805 53194 30315 83703 53929 85973 34267
41
0 1 0 0 3 0 4 5 2 8 2 6 8 0 6 8 15 2 8 16 5 14 21 4 11 0 6 23 11 15 24 15 24 10 28 17 16 30 28 4 6
37779 79263 90297 19252 16390 55774 46937 69257 9339 8569 24793 81143 68502 35374 92623 90509 98087 95931 3830 4001 87992 33909 64675 4827 64244 21803 82456 68631 62198 39404 75569 79573 40983 25623 54683 54976 4685 18150 94785 32222 60568
85
0 1 0 0 3 1 0 4 6 8 5 0 0 9 12 4 12 4 7 3 9 0 12 0 5 18 12 13 11 15 28 28 15 23 31 0 36 27 29 28 31 6 18 22 27 37 17 16 20 24 42 8 51 10 6 14 37 1 58 8 0 14 28 6 59 13 60 63 61 17 26 0 42 24 0 0 58 0 46 64 42 30 37 34 82
31947 72242 91554 65612 32424 12017 43763 75616 77888 63393 51980 46754 73054 50241 18978 53094 12531 26849 13541 47925 50636 54156 60653 76100 26692 64012 12976 84679 40986 2344 3679 33647 1942 92224 67417 78826 77888 96404 74998 77132 74722 70152 80506 88774 18227 48071 34609 79676 17199 84180 38443 31092 26444 26313 35256 78442 18816 67818 42804 95705 88033 85847 59883 54589 84681 5351 74173 44676 46640 70412 9141 32508 91563 3003 3470 80600 28187 34773 55143 15176 41180 58395 88444 25717 62539
87
0 1 0 0 0 2 6 0 3 6 8 0 2 8 12 13 9 9 3 18 10 17 13 12 19 7 5 0 15 20 2 8 22 18 9 18 32 14 29 25 40 24 16 20 34 32 12 32 40 32 19 9 42 43 30 20 54 51 15 16 7 32 18 63 50 60 37 0 63 28 9 65 62 20 59 65 49 46 35 22 57 49 53 6 78 58 81
50321 22241 91178 69309 24201 73551 82566 19896 91289 40018 7022 82283 5110 53811 33756 90310 38539 94441 13884 123 62930 80437 77171 33897 19279 81813 36302 17971 67430 48979 98803 68873 55326 43401 91884 11820 31652 70235 11517 10729 3127 24736 11629 12697 45202 66715 83464 10363 14035 38276 44863 62247 34796 67548 82259 21490 61942 3877 67769 44629 94159 9304 32077 82928 22077 28500 52 47325 80971 74945 58302 57711 28204 77928 78123 50494 20172 859 11825 2001 69222 17175 21213 1424 51499 91758 89101
35
0 0 2 2 3 5 4 3 4 0 0 4 2 3 4 4 6 8 1 0 13 2 8 9 10 20 9 20 3 9 7 20 13 20 33
57381 20176 82170 32660 48016 89784 22823 13784 67637 95419 80620 12524 25875 96840 95408 67480 55498 14993 84388 99685 19349 37993 19473 38242 72368 26972 34263 63132 71848 97374 13336 89272 76142 42774 91025
82
0 0 2 0 4 2 0 0 6 2 0 0 6 11 6 0 2 0 18 0 12 6 14 0 22 16 9 19 15 12 21 7 1 3 5 8 4 18 0 10 17 0 15 42 0 16 38 32 24 0 48 5 4 6 44 42 38 0 43 35 22 41 6 24 0 30 36 52 39 16 48 23 22 20 36 28 30 48 21 0 31 34
17556 84833 63442 93506 10396 42493 80019 21164 54087 88462 15003 10000 59269 60867 59462 10657 1742 5610 64784 88961 23598 77572 20699 42505 13602 57728 59945 66351 27051 96615 22381 18149 16467 49972 61573 67183 82282 99178 3413 88073 50492 77745 1389 31028 99393 5656 67655 18943 6489 77786 95476 19849 40825 94017 10523 92731 53702 47264 91808 17500 70951 24056 12422 20502 47973 58719 69165 34426 74490 27520 48488 97535 46826 229 32274 64834 46304 40909 98946 85127 20830 46567
66
0 1 0 0 0 2 4 6 0 2 9 8 2 0 6 4 0 2 6 0 1 20 13 0 1 23 12 7 23 14 12 24 11 7 14 20 28 22 2 26 40 3 31 23 6 27 13 42 24 44 6 37 33 22 5 30 55 55 47 0 16 39 30 6 55 33
54626 69507 43837 28972 70751 56999 70642 5953 76608 68653 6646 63892 92256 2001 72435 79201 9485 58880 86723 5476 44561 51579 24133 48863 43075 37000 94491 66457 68030 20881 95762 97278 76889 23742 88258 39476 34389 5720 13634 83977 95254 50411 87752 38382 1997 47203 64697 92413 5916 70271 31203 52646 43164 28527 51552 42188 21791 86229 65196 24752 50616 61677 66465 46242 38909 82458
93
0 0 1 0 0 4 5 6 5 0 10 0 4 0 0 13 12 1 4 5 14 20 1 10 11 18 22 11 19 0 20 4 9 0 21 6 7 12 20 0 8 2 32 14 22 42 0 3 40 48 45 30 42 52 5 28 27 13 28 32 33 60 18 52 7 9 59 15 67 30 31 27 64 58 39 55 32 62 75 24 0 68 60 63 4 26 13 0 49 80 32 4 43
89394 61892 31228 981 10866 61038 11866 16952 41318 26345 52602 84355 64823 60417 24237 37809 19065 9003 14217 49521 89363 36025 86614 18285 75589 83155 27566 61574 41960 48538 22347 12411 9966 20389 67622 59424 29651 40517 79898 42234 26124 96904 67732 90490 33623 7306 72240 37132 79858 49256 22355 73238 94479 63240 25034 44267 55095 87427 9032 85286 67780 75569 83142 10111 32098 21111 9726 41190 23313 47921 18368 65760 62462 47635 94308 21797 20404 8887 30889 58816 3261 65826 35458 96398 47158 80135 90563 88713 43607 5052 68913 63409 4389
59
0 1 0 0 3 3 2 4 8 0 0 10 5 12 3 3 16 0 0 8 0 21 6 10 12 8 18 20 27 14 20 21 11 0 32 30 6 6 22 35 23 14 11 15 4 28 5 36 24 10 27 12 15 0 18 18 45 52 2
43547 42460 19542 44815 81838 26475 49190 73404 88529 59953 43102 14668 93800 5436 726 59159 5859 49219 32571 77438 91543 58113 41700 13896 51668 19212 30836 97860 69081 1520 40788 93973 49566 8300 54924 31361 23459 90354 22899 80273 77935 9232 50565 86492 37624 94588 72878 7046 58989 69753 82112 66075 91487 70988 92928 51668 16014 19726 28711
100
0 0 0 0 2 0 3 2 0 3 10 10 0 4 0 12 16 0 6 14 15 14 5 17 19 16 8 22 6 0 29 0 0 19 32 7 29 4 6 0 39 0 8 12 9 36 10 42 3 0 46 37 13 40 32 12 24 1 40 48 54 44 42 28 63 38 5 6 16 40 1 36 1 0 34 60 55 2 32 26 36 12 57 34 51 38 29 22 24 6 85 76 4 61 71 48 75 94 25 4
49225 11915 17436 95469 77506 74776 51846 97889 92385 60865 84041 27626 92603 32613 20793 49783 65822 10691 32528 86363 42318 43889 86757 40854 39598 44836 1398 13671 28082 78109 29840 11844 57561 22451 33559 38706 61084 34203 84933 11580 57582 99585 58326 92293 21994 61164 49065 7016 684 94325 39033 46398 34707 44431 41226 34911 73579 85216 30633 45249 28260 81067 60343 7277 21602 90344 91572 24051 5544 98589 43607 96200 27754 76439 41822 32876 62700 31276 30818 71011 50610 18414 55562 31768 32094 44961 78515 56560 65244 87065 41512 86205 59574 4525 36989 93333 48898 26216 79144 84744
