17
19
0 0 2 2 3 2 1 6 6 5 2 0 7 11 10 2 0 6 6
6889 12092 81881 66712 95851 85806 6430 66916 40967 1200 85659 5445 15772 26460 61681 62288 19827 52521 17468
85
0 0 0 2 2 0 3 1 0 1 0 9 12 12 14 4 9 11 1 7 5 0 11 14 24 14 24 8 8 21 7 2 0 7 31 29 9 34 3 15 0 0 3 2 25 23 6 40 22 10 27 0 42 0 10 38 38 31 18 12 54 22 10 62 55 38 12 16 48 14 54 56 48 9 3 49 41 21 72 56 62 37 28 80 10
65171 58632 89529 94671 67628 5753 81103 15522 5914 37849 10082 10917 84678 6571 18401 13195 27947 94682 14218 91564 60947 1571 94309 37368 7663 25591 78015 62435 28770 32694 61748 19261 97486 54787 53703 71629 33610 97870 43000 65159 26898 43973 46377 63886 69230 523 53204 55983 15952 77203 41167 27979 19529 2548 22864 8267 14918 95598 18143 71741 10045 95743 95592 7398 50366 37020 16265 42449 8615 3370 63812 10214 74574 40704 7569 65138 86779 5729 83897 40096 89224 10963 98452 74638 21743
31
0 1 1 2 1 0 4 7 8 0 7 2 10 0 14 12 1 6 12 8 0 15 10 2 13 0 15 11 24 24 13
84307 41957 80520 73843 94964 22858 57414 75301 36927 85833 78454 87739 71841 43004 29153 19304 34661 78202 54274 40574 92616 51295 18962 18062 88546 76198 56262 1303 72947 79140 83499
33
0 0 2 3 4 0 5 0 4 6 8 10 3 5 11 13 12 0 10 10 0 6 0 4 18 16 0 8 4 2 0 0 0
2791 6356 47553 17637 1096 53742 23708 64485 62312 61473 33070 42425 81264 22384 89283 61665 65454 14325 83102 69555 14487 37704 99167 15220 42062 37102 63822 95909 92806 25835 7854 19189 61232
74
0 1 2 3 2 2 5 0 0 8 3 4 4 10 12 12 16 15 4 0 20 18 22 5 24 20 23 0 23 20 2 9 2 20 25 26 22 28 10 36 37 5 24 0 15 2 46 28 26 30 33 30 49 20 33 3 12 50 13 5 6 6 48 39 0 12 24 64 24 32 60 21 4 0
42368 41390 61509 9991 68792 21800 40372 883 83241 15933 48012 44450 72409 66629 60469 1898 17433 92457 88577 37334 72957 84499 33657 1349 99304 86576 85752 32565 30657 53627 18536 57842 50039 56403 48647 23174 98651 32890 27421 78029 2514 24739 73449 60776 67298 93035 40019 26191 63320 77876 44798 3758 55985 38114 77235 48944 24091 30611 29995 41565 84176 14912 32140 62633 69985 98728 62697 69125 40496 34863 34779 47085 5068 41701
77
0 0 1 2 2 0 4 2 0 9 3 9 0 10 11 13 16 0 9 0 0 16 10 8 20 19 10 1 26 14 11 19 0 0 6 12 11 13 12 24 4 28 28 40 34 7 35 18 41 44 9 40 39 6 5 2 14 42 18 0 41 47 1 13 15 42 2 44 30 54 59 62 28 26 6 44 43
28594 13737 10101 56410 82658 21021 57174 7496 10272 92961 74517 23588 88991 88261 37976 43370 67441 59113 62933 93182 13542 24339 18051 59424 57480 5329 26082 65965 395 84052 90127 85965 6828 13105 27781 60967 63755 77953 71174 77069 68091 73809 87046 58115 38466 93688 11935 89216 49533 34603 75776 9807 55056 55856 21762 91581 48471 49198 88075 62809 22905 39620 74707 31360 82145 73749 37460 41004 52550 14341 99044 81649 13596 13387 69498 19426 51114
89
0 0 1 0 0 3 0 4 7 0 9 3 5 3 0 0 14 16 1 12 11 20 16 15 5 24 0 16 10 20 23 6 30 14 24 0 31 30 18 0 8 12 7 32 27 18 35 10 17 28 48 39 0 52 50 26 33 48 26 56 25 50 0 42 57 18 31 4 34 36 0 0 65 36 24 59 42 41 59 5 1 8 82 20 75 20 21 55 31
23823 9305 83669 63231 83523 52749 63545 28092 14500 25471 73249 22864 18841 29251 54660 4191 46607 19518 2765 47476 6666 69531 77724 90013 9152 53080 59888 24852 34809 1856 36787 57178 85338 19254 34430 79215 34232 38739 32017 76671 57298 50786 59337 61435 34570 29645 39901 54899 48552 30169 60746 63756 72197 16500 32274 51470 25494 17157 18928 85124 24387 26296 30056 69311 76073 73633 56249 25733 50776 66064 84144 14522 25887 75691 52242 50814 69647 35610 42836 10534 73887 84686 47593 57054 51491 67221 34463 5213 43955
31
0 0 0 0 0 2 0 1 4 8 10 11 0 7 1 8 16 14 14 13 9 21 15 15 14 22 6 20 6 0 29
1664 87506 8877 42115 85979 90490 68559 11002 12303 12913 82778 84361 17594 37137 76765 14666 46629 43032 2648 11419 20275 92066 91864 69513 3909 39756 7227 35333 5079 37322 13972
37
0 0 2 2 1 4 0 2 7 2 0 8 9 0 11 7 12 14 18 2 10 17 14 22 16 0 3 18 18 18 15 19 15 16 30 2 34
55222 83886 28924 76599 24612 44256 885 97754 78034 10532 54805 76808 61199 96868 65474 46057 75236 1962 43655 97475 55236 78696 80315 62696 65399 70233 83528 33400 48803 78335 72784 57550 52023 38914 4446 24210 81716
51
0 1 0 0 0 0 0 6 3 0 4 2 4 9 0 10 3 12 0 12 9 10 20 6 7 22 25 3 0 26 0 11 3 14 0 30 2 36 0 10 31 36 20 20 18 44 20 24 19 30 0
500 79985 4112 59732 75839 22498 52591 17600 76451 90865 81390 33414 54318 26082 71649 75350 54593 39659 86155 35846 29337 52050 16511 98783 48723 89433 47670 38712 1323 57880 92491 89545 37443 65433 64381 48971 50505 94853 89416 29319 49163 43858 97410 16561 1606 52098 66335 14578 32261 86578 23776
41
0 1 1 1 3 3 0 4 5 7 4 0 7 0 12 3 0 16 16 0 5 18 0 23 15 9 0 2 5 16 28 31 18 6 30 30 23 32 10 0 0
54492 28966 42931 56441 82780 68553 80971 73491 64178 47087 14848 38950 9152 92429 72563 29579 76074 54958 22500 93162 15097 92783 42857 93236 76966 38888 28690 78281 16438 82679 50910 41685 40842 5688 90962 89017 57752 41832 34588 75075 45362
55
0 1 1 0 3 1 6 3 3 6 2 4 12 1 5 12 10 5 5 3 13 16 14 1 24 0 24 10 12 0 24 26 27 7 23 15 7 17 3 0 21 9 24 22 20 18 8 8 27 20 36 36 25 4 33
24590 46486 73180 7150 54912 78710 87175 51691 71157 5636 88913 55285 97872 59385 97196 70903 26235 75680 17721 70709 76753 66817 33212 12568 95670 19245 12353 33135 87011 49329 17930 43956 76879 84406 67894 80820 51926 7787 93772 97507 30900 71787 43606 23425 32530 64416 21926 60423 72945 69466 29931 25190 67197 50533 23486
62
0 0 2 2 0 0 0 3 0 8 5 4 11 8 0 0 8 12 12 4 18 8 0 9 0 2 10 16 23 24 9 0 27 4 20 6 7 22 12 0 0 18 36 28 1 23 45 42 14 0 8 44 31 36 4 32 16 24 55 25 25 16
37114 63580 70227 28052 58124 1615 9834 65622 63126 66497 98557 40882 86735 33263 77646 31522 803 72430 71427 98154 69196 81649 82914 88615 70524 81828 56866 21019 80526 34931 697 76803 69110 3780 52885 38818 95589 40358 31804 54230 65531 11962 1726 48666 52924 15554 72839 16148 80878 97576 21395 47160 84106 99000 29295 2068 78211 19681 67488 92720 85738 25711
58
0 0 2 1 3 2 1 4 0 6 0 0 5 3 9 2 4 12 9 12 4 14 21 4 22 0 6 22 14 25 17 22 18 28 7 0 0 30 29 19 22 0 24 24 39 27 34 24 28 44 7 6 21 20 26 0 12 54
90906 27027 5956 9273 48147 73570 7293 20724 33808 37941 99462 26835 21978 74966 51306 54346 42229 88165 35980 61396 92213 29847 11153 39076 93194 4398 54499 17302 61540 40730 73374 25982 15663 91393 97312 79660 8846 1871 83482 76669 93817 21076 23551 99237 61083 53225 87877 64017 84645 38084 14010 79320 4343 46515 35497 54101 14638 18860
89
0 0 0 0 0 0 1 5 6 4 7 2 11 0 2 9 9 2 9 12 0 8 6 0 13 14 17 22 18 12 29 18 17 32 4 13 13 0 19 14 37 21 36 11 15 45 31 20 8 42 36 24 8 9 40 21 6 16 16 57 9 56 18 52 1 38 48 35 44 0 37 54 41 22 61 14 13 3 66 0 29 66 28 26 32 38 0 18 62
12346 74319 93018 83343 88934 10647 94349 75089 46568 89209 7524 64241 45738 73805 88336 93515 43694 99781 53053 78126 75207 33709 4369 60328 26251 68021 9733 43219 52117 84177 546 24619 97730 17374 7197 28354 91541 18546 4089 91487 80156 49343 32776 4243 38938 6702 30766 62702 52711 67473 20214 79249 75552 3721 3606 58790 74350 27625 40696 7027 18784 2640 7924 71943 84848 71435 87490 18669 45087 52026 5486 51931 3378 99302 77599 58472 10534 86387 17413 38731 7270 28847 33769 78843 82599 35805 40010 21899 78637
51
0 0 2 2 0 5 2 0 3 0 5 4 12 7 4 11 0 12 4 0 0 10 0 22 0 0 0 20 1 12 2 0 18 26 0 24 15 6 22 38 12 24 27 36 15 6 11 4 36 20 30
35048 82852 11719 97037 36449 406 99295 82157 42593 6054 62986 80022 25263 98701 39193 5034 25668 93696 61520 56234 88363 94724 53472 15918 47830 15543 29506 91516 89760 42553 66047 85107 80537 7880 24209 25552 29484 48791 92133 90182 48654 6062 20058 74313 61347 2849 5500 89952 79976 382 71739
16
0 0 0 0 0 4 0 6 0 6 7 9 3 0 0 14
25170 94921 42973 38421 93044 68564 58568 55027 97911 63655 18720 65246 61215 79680 58839 42529
